5000 36.4
10000 144.2
15000 104.0
20000 19.7
25000 152.1
30000 24.1
35000 108.5
40000 59.8
45000 146.2
50000 18.1
55000 33.6
60000 48.8
65000 55.6
70000 154.1
75000 141.2
80000 13.7
85000 63.5
90000 28.0
95000 63.5
100000 111.1
105000 73.6
110000 81.5
115000 176.3
120000 118.8
125000 188.0
130000 147.7
135000 202.4
140000 214.2
145000 158.0
150000 173.6
155000 183.0
160000 195.5
165000 187.9
170000 329.9
175000 289.5
180000 259.5
185000 238.6
190000 264.6
195000 269.1
200000 240.9
205000 328.1
210000 257.5
215000 260.7
220000 334.6
225000 279.9
230000 274.6
235000 272.8
240000 306.8
245000 330.2
250000 308.8
255000 385.3
260000 307.0
265000 285.2
270000 300.3
275000 314.0
280000 265.3
285000 299.8
290000 260.9
295000 292.0
300000 284.3
305000 283.1
310000 285.1
315000 291.2
320000 301.8
325000 286.1
330000 299.8
335000 300.2
340000 261.2
345000 289.4
350000 246.7
355000 237.5
360000 249.1
365000 288.7
370000 286.1
375000 269.8
380000 216.3
385000 248.5
390000 247.9
395000 217.1
400000 259.9
405000 226.0
410000 460.4
415000 481.8
420000 442.4
425000 451.1
430000 406.7
435000 490.5
440000 498.5
445000 472.7
450000 481.3
455000 503.7
460000 489.3
465000 528.4
470000 525.4
475000 517.8
480000 582.7
485000 565.1
490000 555.9
495000 566.9
500000 596.4
505000 602.1
510000 534.3
515000 475.4
520000 605.1
525000 593.4
530000 515.0
535000 595.8
540000 572.6
545000 632.5
550000 641.6
555000 620.3
560000 631.2
565000 640.5
570000 618.1
575000 624.8
580000 655.5
585000 666.3
590000 656.5
595000 645.1
600000 667.0
605000 673.0
610000 648.9
615000 674.2
620000 664.5
625000 642.3
630000 681.8
635000 669.4
640000 689.3
645000 675.1
650000 669.0
655000 645.6
660000 656.4
665000 658.2
670000 678.8
675000 647.7
680000 669.2
685000 681.9
690000 644.7
695000 629.4
700000 667.7
705000 646.9
710000 648.5
715000 621.8
720000 639.4
725000 659.0
730000 637.0
735000 620.4
740000 675.1
745000 675.0
750000 624.4
755000 648.6
760000 653.6
765000 657.9
770000 672.8
775000 659.6
780000 668.5
785000 640.7
790000 662.3
795000 672.6
800000 676.3
805000 447.0
810000 520.5
815000 631.9
820000 666.9
825000 684.3
830000 644.5
835000 699.1
840000 691.2
845000 655.4
850000 651.7
855000 702.7
860000 709.5
865000 698.3
870000 704.6
875000 730.6
880000 711.1
885000 732.0
890000 723.1
895000 745.8
900000 727.9
905000 750.7
910000 731.8
915000 713.2
920000 730.3
925000 721.0
930000 739.3
935000 725.6
940000 735.1
945000 747.1
950000 745.7
955000 746.2
960000 723.7
965000 720.3
970000 719.8
975000 751.8
980000 753.8
985000 746.3
990000 723.5
995000 754.4
1000000 775.9
1005000 761.8
1010000 745.3
1015000 759.7
1020000 772.7
1025000 766.5
1030000 788.6
1035000 789.4
1040000 771.4
1045000 767.0
1050000 771.3
1055000 768.2
1060000 784.1
1065000 762.2
1070000 752.0
1075000 760.2
1080000 775.6
1085000 781.4
1090000 781.1
1095000 784.9
1100000 793.2
1105000 789.9
1110000 791.0
1115000 784.6
1120000 805.8
1125000 776.5
1130000 803.8
1135000 796.7
1140000 792.5
1145000 778.9
1150000 790.2
1155000 775.1
1160000 780.7
1165000 786.1
1170000 794.4
1175000 810.6
1180000 768.9
1185000 774.0
1190000 802.4
1195000 796.4
1200000 784.6
1205000 538.9
1210000 634.1
1215000 721.3
1220000 712.6
1225000 751.5
1230000 763.2
1235000 776.3
1240000 802.5
1245000 806.7
1250000 805.0
1255000 787.1
1260000 821.7
1265000 811.3
1270000 815.3
1275000 814.3
1280000 797.5
1285000 804.9
1290000 818.6
1295000 819.1
1300000 823.4
1305000 812.5
1310000 831.1
1315000 848.5
1320000 833.1
1325000 838.3
1330000 844.7
1335000 864.7
1340000 856.6
1345000 830.3
1350000 869.4
1355000 849.0
1360000 864.4
1365000 852.2
1370000 865.1
1375000 870.9
1380000 863.9
1385000 869.3
1390000 886.6
1395000 874.0
1400000 857.2
1405000 892.2
1410000 900.7
1415000 899.7
1420000 901.9
1425000 841.0
1430000 873.2
1435000 893.0
1440000 888.1
1445000 896.0
1450000 850.3
1455000 881.0
1460000 910.7
1465000 902.8
1470000 897.7
1475000 896.3
1480000 902.5
1485000 895.6
1490000 892.1
1495000 908.4
1500000 885.5
1505000 892.3
1510000 900.3
1515000 755.4
1520000 896.7
1525000 892.5
1530000 898.6
1535000 904.1
1540000 864.6
1545000 905.8
1550000 890.6
1555000 913.7
1560000 901.7
1565000 900.9
1570000 874.5
1575000 885.0
1580000 908.2
1585000 924.2
1590000 909.8
1595000 904.0
1600000 898.2
1605000 429.4
1610000 588.0
1615000 723.8
1620000 824.5
1625000 821.3
1630000 819.3
1635000 804.5
1640000 864.3
1645000 873.5
1650000 889.1
1655000 899.5
1660000 879.1
1665000 909.1
1670000 900.9
1675000 931.2
1680000 899.4
1685000 913.7
1690000 919.2
1695000 898.7
1700000 931.0
1705000 910.4
1710000 932.4
1715000 931.4
1720000 914.9
1725000 922.7
1730000 931.9
1735000 943.8
1740000 907.9
1745000 935.5
1750000 919.9
1755000 920.0
1760000 918.5
1765000 932.9
1770000 912.8
1775000 932.4
1780000 903.9
1785000 909.8
1790000 931.7
1795000 911.8
1800000 938.2
1805000 911.0
1810000 904.9
1815000 915.0
1820000 911.6
1825000 915.7
1830000 913.5
1835000 925.6
1840000 929.3
1845000 929.8
1850000 925.7
1855000 935.2
1860000 927.6
1865000 918.8
1870000 925.2
1875000 928.8
1880000 927.9
1885000 941.7
1890000 926.3
1895000 920.3
1900000 932.3
1905000 936.5
1910000 924.7
1915000 936.7
1920000 924.0
1925000 951.5
1930000 923.9
1935000 909.1
1940000 940.2
1945000 928.8
1950000 938.9
1955000 945.6
1960000 938.0
1965000 930.6
1970000 941.9
1975000 940.7
1980000 929.7
1985000 926.9
1990000 924.1
1995000 932.6
2000000 922.0
