5000 22.2
10000 24.4
15000 23.0
20000 25.4
25000 22.6
30000 29.0
35000 17.3
40000 22.0
45000 21.7
50000 28.9
55000 18.5
60000 45.2
65000 86.7
70000 38.8
75000 190.4
80000 167.2
85000 165.4
90000 422.3
95000 477.6
100000 481.4
105000 515.2
110000 504.4
115000 542.5
120000 514.3
125000 592.2
130000 607.8
135000 639.3
140000 610.4
145000 645.4
150000 642.3
155000 602.4
160000 656.7
165000 648.6
170000 654.6
175000 645.9
180000 655.2
185000 672.8
190000 655.4
195000 681.7
200000 658.5
205000 29.7
210000 18.0
215000 23.1
220000 95.4
225000 372.3
230000 518.6
235000 562.6
240000 582.1
245000 665.4
250000 648.9
255000 655.8
260000 617.2
265000 665.9
270000 657.8
275000 695.1
280000 679.7
285000 658.0
290000 693.8
295000 715.2
300000 670.7
305000 686.4
310000 693.5
315000 709.1
320000 701.6
325000 700.4
330000 685.9
335000 709.5
340000 632.2
345000 659.4
350000 702.8
355000 710.8
360000 712.3
365000 712.1
370000 698.6
375000 698.9
380000 686.3
385000 723.7
390000 717.3
395000 728.9
400000 724.8
405000 25.6
410000 24.9
415000 22.0
420000 73.3
425000 267.1
430000 421.0
435000 563.1
440000 653.0
445000 652.9
450000 656.1
455000 696.8
460000 686.0
465000 682.2
470000 673.9
475000 716.3
480000 702.8
485000 686.5
490000 712.1
495000 695.9
500000 691.5
505000 729.3
510000 728.1
515000 705.8
520000 721.0
525000 710.6
530000 718.3
535000 701.1
540000 729.7
545000 716.2
550000 732.3
555000 727.4
560000 716.5
565000 737.6
570000 726.6
575000 733.8
580000 749.9
585000 731.1
590000 742.6
595000 735.6
600000 722.2
605000 14.5
610000 27.9
615000 35.1
620000 100.7
625000 251.0
630000 394.3
635000 604.6
640000 669.7
645000 675.4
650000 699.2
655000 702.1
660000 657.0
665000 638.9
670000 682.6
675000 672.1
680000 689.8
685000 715.4
690000 692.5
695000 694.6
700000 716.5
705000 724.1
710000 716.2
715000 717.1
720000 726.9
725000 716.0
730000 723.7
735000 723.6
740000 713.6
745000 732.0
750000 725.3
755000 750.9
760000 735.7
765000 743.6
770000 742.2
775000 736.7
780000 749.6
785000 737.2
790000 728.3
795000 746.6
800000 740.2
805000 15.0
810000 17.4
815000 21.9
820000 83.2
825000 203.7
830000 399.2
835000 648.1
840000 675.3
845000 677.4
850000 685.3
855000 699.2
860000 696.6
865000 695.5
870000 657.5
875000 697.7
880000 693.9
885000 726.1
890000 698.1
895000 726.9
900000 699.4
905000 698.5
910000 689.3
915000 714.6
920000 733.4
925000 708.2
930000 722.1
935000 718.7
940000 704.0
945000 732.0
950000 732.9
955000 735.0
960000 746.8
965000 751.0
970000 745.9
975000 752.7
980000 752.6
985000 751.1
990000 750.4
995000 757.6
1000000 751.5
1005000 15.9
1010000 20.2
1015000 27.6
1020000 28.3
1025000 169.8
1030000 438.1
1035000 599.5
1040000 644.6
1045000 673.9
1050000 656.1
1055000 655.4
1060000 699.1
1065000 676.0
1070000 709.0
1075000 643.0
1080000 696.4
1085000 704.0
1090000 725.5
1095000 736.8
1100000 721.9
1105000 743.7
1110000 752.8
1115000 739.6
1120000 741.5
1125000 739.9
1130000 741.7
1135000 724.1
1140000 738.1
1145000 742.4
1150000 743.8
1155000 756.5
1160000 757.4
1165000 753.6
1170000 767.2
1175000 756.0
1180000 772.0
1185000 759.9
1190000 766.6
1195000 763.8
1200000 758.1
1205000 10.4
1210000 10.0
1215000 49.2
1220000 35.0
1225000 113.5
1230000 259.5
1235000 575.9
1240000 609.2
1245000 670.4
1250000 703.3
1255000 689.0
1260000 674.4
1265000 692.1
1270000 677.0
1275000 692.6
1280000 712.6
1285000 713.7
1290000 723.2
1295000 732.1
1300000 700.6
1305000 722.2
1310000 722.2
1315000 740.2
1320000 737.5
1325000 731.6
1330000 739.7
1335000 706.6
1340000 753.5
1345000 751.5
1350000 763.3
1355000 760.9
1360000 771.5
1365000 762.8
1370000 767.7
1375000 769.6
1380000 763.8
1385000 766.5
1390000 757.2
1395000 763.8
1400000 749.2
1405000 11.9
1410000 13.6
1415000 23.3
1420000 66.1
1425000 146.2
1430000 397.7
1435000 641.9
1440000 660.4
1445000 654.4
1450000 644.2
1455000 666.4
1460000 706.3
1465000 673.6
1470000 704.8
1475000 672.7
1480000 716.8
1485000 712.8
1490000 725.0
1495000 707.2
1500000 713.9
1505000 710.8
1510000 729.0
1515000 744.7
1520000 736.2
1525000 748.0
1530000 721.8
1535000 735.7
1540000 744.9
1545000 750.9
1550000 765.8
1555000 730.9
1560000 753.2
1565000 761.7
1570000 743.1
1575000 756.5
1580000 760.0
1585000 758.9
1590000 770.2
1595000 760.0
1600000 755.1
1605000 14.0
1610000 14.1
1615000 26.9
1620000 33.3
1625000 132.6
1630000 295.6
1635000 544.9
1640000 613.6
1645000 653.1
1650000 680.8
1655000 663.6
1660000 676.0
1665000 702.8
1670000 727.4
1675000 678.9
1680000 727.6
1685000 702.3
1690000 728.6
1695000 717.5
1700000 742.0
1705000 750.9
1710000 731.3
1715000 693.4
1720000 755.3
1725000 755.4
1730000 769.7
1735000 765.4
1740000 761.3
1745000 752.8
1750000 749.7
1755000 766.3
1760000 773.2
1765000 761.2
1770000 761.2
1775000 768.8
1780000 756.2
1785000 780.8
1790000 770.9
1795000 769.3
1800000 767.6
1805000 13.3
1810000 11.9
1815000 16.7
1820000 22.6
1825000 174.9
1830000 320.5
1835000 610.7
1840000 661.8
1845000 660.7
1850000 698.5
1855000 657.0
1860000 685.9
1865000 684.2
1870000 679.1
1875000 698.7
1880000 717.2
1885000 710.4
1890000 718.7
1895000 687.1
1900000 728.5
1905000 721.8
1910000 758.7
1915000 748.1
1920000 757.3
1925000 765.6
1930000 726.6
1935000 768.9
1940000 760.7
1945000 769.1
1950000 771.9
1955000 761.6
1960000 748.2
1965000 769.2
1970000 764.2
1975000 769.8
1980000 776.7
1985000 766.6
1990000 770.2
1995000 767.0
2000000 780.1
