5000 43.6
10000 44.5
15000 147.5
20000 62.9
25000 156.6
30000 60.5
35000 153.8
40000 58.6
45000 257.1
50000 59.5
55000 62.7
60000 156.2
65000 16.2
70000 110.3
75000 156.8
80000 12.7
85000 62.9
90000 116.8
95000 17.1
100000 118.0
105000 46.9
110000 180.4
115000 101.3
120000 63.5
125000 101.8
130000 113.5
135000 61.0
140000 149.4
145000 88.5
150000 103.0
155000 130.7
160000 195.3
165000 122.2
170000 161.9
175000 58.1
180000 40.3
185000 93.8
190000 90.9
195000 137.0
200000 131.1
205000 39.9
210000 60.0
215000 114.7
220000 74.1
225000 161.1
230000 119.5
235000 74.8
240000 70.3
245000 27.1
250000 179.7
255000 152.2
260000 149.0
265000 127.6
270000 119.2
275000 293.9
280000 113.3
285000 143.3
290000 149.4
295000 227.9
300000 157.6
305000 191.7
310000 120.1
315000 213.4
320000 264.1
325000 290.7
330000 336.0
335000 90.3
340000 281.7
345000 366.1
350000 283.2
355000 215.4
360000 421.6
365000 412.3
370000 548.2
375000 546.1
380000 557.1
385000 557.0
390000 577.6
395000 582.4
400000 576.7
405000 83.3
410000 63.6
415000 22.7
420000 129.7
425000 191.4
430000 96.0
435000 106.4
440000 289.8
445000 466.9
450000 472.6
455000 542.9
460000 512.6
465000 584.8
470000 639.5
475000 617.3
480000 616.9
485000 574.1
490000 610.2
495000 645.8
500000 658.4
505000 604.6
510000 634.8
515000 666.2
520000 618.4
525000 633.9
530000 673.9
535000 668.3
540000 666.8
545000 642.5
550000 621.1
555000 674.9
560000 659.3
565000 690.0
570000 649.5
575000 691.0
580000 696.5
585000 674.6
590000 637.8
595000 684.2
600000 707.0
605000 102.0
610000 103.6
615000 15.8
620000 184.1
625000 314.9
630000 212.8
635000 454.8
640000 499.6
645000 552.5
650000 622.4
655000 647.2
660000 703.2
665000 689.0
670000 591.0
675000 724.6
680000 726.4
685000 717.1
690000 704.9
695000 726.1
700000 724.8
705000 729.6
710000 715.4
715000 724.9
720000 719.9
725000 737.7
730000 759.3
735000 689.5
740000 648.9
745000 751.6
750000 760.4
755000 746.1
760000 752.4
765000 742.0
770000 792.5
775000 766.4
780000 749.0
785000 782.3
790000 713.7
795000 707.2
800000 708.4
805000 156.8
810000 32.0
815000 63.2
820000 157.5
825000 80.0
830000 160.0
835000 468.7
840000 581.3
845000 655.9
850000 677.0
855000 630.8
860000 629.6
865000 742.9
870000 739.8
875000 745.5
880000 759.2
885000 760.4
890000 752.9
895000 739.8
900000 750.2
905000 747.0
910000 758.0
915000 748.8
920000 725.8
925000 787.8
930000 767.4
935000 805.5
940000 753.1
945000 778.2
950000 797.0
955000 785.4
960000 784.5
965000 783.5
970000 785.1
975000 799.8
980000 787.4
985000 804.9
990000 822.2
995000 782.4
1000000 830.6
1005000 303.9
1010000 27.0
1015000 75.2
1020000 103.3
1025000 117.6
1030000 438.8
1035000 414.7
1040000 626.2
1045000 534.8
1050000 740.0
1055000 727.9
1060000 776.6
1065000 791.5
1070000 759.4
1075000 768.2
1080000 775.1
1085000 789.6
1090000 795.3
1095000 798.7
1100000 778.8
1105000 771.9
1110000 801.1
1115000 743.6
1120000 809.1
1125000 776.0
1130000 794.8
1135000 778.4
1140000 823.0
1145000 805.6
1150000 804.6
1155000 780.4
1160000 805.3
1165000 793.7
1170000 777.8
1175000 819.6
1180000 808.0
1185000 822.8
1190000 833.6
1195000 801.1
1200000 814.5
1205000 110.1
1210000 17.9
1215000 31.3
1220000 210.5
1225000 85.6
1230000 22.9
1235000 311.4
1240000 486.9
1245000 725.8
1250000 717.6
1255000 750.1
1260000 793.9
1265000 792.6
1270000 666.7
1275000 816.1
1280000 724.4
1285000 790.9
1290000 763.0
1295000 808.5
1300000 762.4
1305000 811.4
1310000 806.5
1315000 805.4
1320000 765.7
1325000 778.8
1330000 819.2
1335000 828.9
1340000 798.0
1345000 818.8
1350000 798.8
1355000 823.7
1360000 810.3
1365000 845.8
1370000 831.8
1375000 805.4
1380000 815.4
1385000 843.5
1390000 853.6
1395000 829.2
1400000 821.7
1405000 257.4
1410000 32.1
1415000 27.3
1420000 64.7
1425000 269.6
1430000 579.6
1435000 702.5
1440000 707.6
1445000 791.1
1450000 794.5
1455000 775.9
1460000 811.0
1465000 833.4
1470000 814.2
1475000 815.4
1480000 815.8
1485000 821.2
1490000 816.6
1495000 820.5
1500000 795.1
1505000 822.5
1510000 815.7
1515000 831.4
1520000 812.6
1525000 811.9
1530000 844.8
1535000 861.6
1540000 849.2
1545000 858.4
1550000 870.4
1555000 861.0
1560000 854.8
1565000 856.9
1570000 871.3
1575000 854.1
1580000 872.1
1585000 855.1
1590000 849.8
1595000 857.6
1600000 873.4
1605000 106.3
1610000 22.6
1615000 13.8
1620000 45.0
1625000 78.3
1630000 45.9
1635000 534.5
1640000 717.9
1645000 681.0
1650000 759.7
1655000 723.0
1660000 742.0
1665000 805.4
1670000 807.2
1675000 842.1
1680000 787.3
1685000 835.4
1690000 842.5
1695000 820.8
1700000 818.3
1705000 832.2
1710000 868.2
1715000 857.5
1720000 865.9
1725000 827.3
1730000 825.4
1735000 872.1
1740000 859.1
1745000 865.2
1750000 847.6
1755000 833.4
1760000 860.8
1765000 859.2
1770000 846.4
1775000 869.1
1780000 850.0
1785000 859.4
1790000 878.7
1795000 872.1
1800000 859.9
1805000 61.5
1810000 34.2
1815000 26.0
1820000 32.9
1825000 17.6
1830000 85.7
1835000 564.6
1840000 674.6
1845000 738.0
1850000 793.2
1855000 793.9
1860000 773.0
1865000 809.5
1870000 809.5
1875000 811.5
1880000 822.0
1885000 753.6
1890000 811.4
1895000 830.2
1900000 825.1
1905000 852.8
1910000 757.9
1915000 839.4
1920000 844.7
1925000 858.2
1930000 853.2
1935000 837.2
1940000 850.0
1945000 855.6
1950000 867.5
1955000 869.4
1960000 871.4
1965000 863.1
1970000 872.2
1975000 875.2
1980000 875.1
1985000 872.8
1990000 851.8
1995000 879.8
2000000 867.9
