5000 214.3
10000 200.1
15000 102.4
20000 151.0
25000 19.9
30000 154.4
35000 70.2
40000 65.5
45000 60.6
50000 5.3
55000 115.1
60000 55.3
65000 11.1
70000 215.9
75000 71.0
80000 50.6
85000 18.4
90000 57.1
95000 13.9
100000 24.3
105000 34.3
110000 142.5
115000 177.9
120000 247.3
125000 84.6
130000 114.7
135000 133.2
140000 131.5
145000 122.8
150000 119.7
155000 229.1
160000 165.8
165000 236.8
170000 295.0
175000 210.1
180000 233.3
185000 224.7
190000 299.6
195000 236.5
200000 237.2
205000 59.0
210000 111.0
215000 65.8
220000 243.1
225000 57.8
230000 75.2
235000 57.0
240000 276.1
245000 328.6
250000 318.3
255000 277.2
260000 302.3
265000 274.9
270000 277.8
275000 340.2
280000 339.1
285000 412.7
290000 332.0
295000 357.2
300000 280.1
305000 301.8
310000 279.8
315000 311.5
320000 341.4
325000 275.2
330000 376.0
335000 301.5
340000 299.6
345000 252.4
350000 318.1
355000 306.2
360000 285.7
365000 400.5
370000 281.9
375000 347.6
380000 411.9
385000 347.2
390000 335.7
395000 346.9
400000 403.0
405000 57.9
410000 104.6
415000 64.3
420000 114.6
425000 69.2
430000 238.9
435000 289.8
440000 258.9
445000 304.6
450000 278.1
455000 338.4
460000 338.9
465000 252.3
470000 259.5
475000 357.6
480000 254.2
485000 307.9
490000 309.8
495000 284.4
500000 309.9
505000 254.0
510000 256.4
515000 287.3
520000 324.9
525000 287.0
530000 296.8
535000 253.8
540000 283.9
545000 281.5
550000 364.5
555000 263.8
560000 332.0
565000 407.4
570000 334.7
575000 301.0
580000 308.9
585000 335.1
590000 456.2
595000 254.3
600000 300.8
605000 98.3
610000 61.6
615000 159.3
620000 28.1
625000 260.4
630000 202.2
635000 260.2
640000 316.0
645000 259.4
650000 284.6
655000 257.9
660000 290.2
665000 249.3
670000 311.8
675000 449.4
680000 261.1
685000 335.4
690000 368.6
695000 332.2
700000 338.6
705000 336.2
710000 333.4
715000 294.6
720000 256.4
725000 294.8
730000 260.7
735000 249.6
740000 341.8
745000 372.4
750000 411.8
755000 304.7
760000 264.9
765000 397.6
770000 334.5
775000 294.2
780000 293.8
785000 373.2
790000 390.4
795000 337.4
800000 383.6
805000 115.0
810000 155.5
815000 164.0
820000 173.6
825000 73.5
830000 141.3
835000 388.8
840000 250.4
845000 252.5
850000 325.4
855000 409.3
860000 316.8
865000 339.1
870000 315.6
875000 379.4
880000 304.0
885000 256.2
890000 331.6
895000 409.0
900000 284.4
905000 338.2
910000 289.4
915000 254.1
920000 281.2
925000 411.2
930000 270.4
935000 267.2
940000 352.4
945000 330.4
950000 338.0
955000 329.7
960000 429.1
965000 544.8
970000 684.1
975000 546.5
980000 695.4
985000 609.4
990000 701.9
995000 708.0
1000000 694.1
1005000 22.9
1010000 63.5
1015000 161.1
1020000 146.2
1025000 201.2
1030000 156.3
1035000 267.9
1040000 340.6
1045000 399.2
1050000 238.7
1055000 639.6
1060000 703.1
1065000 650.7
1070000 646.3
1075000 643.1
1080000 737.7
1085000 545.3
1090000 596.1
1095000 492.7
1100000 672.9
1105000 723.0
1110000 713.7
1115000 685.8
1120000 601.5
1125000 772.7
1130000 758.8
1135000 785.5
1140000 675.5
1145000 749.5
1150000 658.0
1155000 747.7
1160000 718.9
1165000 697.0
1170000 760.9
1175000 758.2
1180000 805.8
1185000 809.2
1190000 766.3
1195000 805.2
1200000 761.8
1205000 23.4
1210000 32.4
1215000 113.7
1220000 124.4
1225000 112.8
1230000 296.6
1235000 323.6
1240000 626.9
1245000 442.8
1250000 620.0
1255000 616.2
1260000 697.7
1265000 622.7
1270000 639.3
1275000 737.0
1280000 694.8
1285000 709.4
1290000 798.6
1295000 732.3
1300000 783.5
1305000 786.8
1310000 773.8
1315000 815.1
1320000 772.8
1325000 785.6
1330000 785.8
1335000 810.3
1340000 885.1
1345000 830.4
1350000 773.0
1355000 848.3
1360000 845.9
1365000 850.1
1370000 843.8
1375000 855.3
1380000 857.4
1385000 853.8
1390000 856.0
1395000 861.7
1400000 865.9
1405000 268.2
1410000 14.6
1415000 40.5
1420000 39.0
1425000 129.4
1430000 70.8
1435000 325.5
1440000 296.4
1445000 647.7
1450000 702.5
1455000 700.6
1460000 369.1
1465000 768.0
1470000 791.6
1475000 845.4
1480000 828.7
1485000 835.5
1490000 740.1
1495000 788.8
1500000 762.7
1505000 771.1
1510000 831.4
1515000 854.0
1520000 853.5
1525000 867.9
1530000 830.6
1535000 848.7
1540000 817.2
1545000 844.3
1550000 856.1
1555000 849.7
1560000 871.8
1565000 841.4
1570000 841.6
1575000 853.6
1580000 820.2
1585000 852.3
1590000 852.1
1595000 877.6
1600000 889.0
1605000 135.8
1610000 14.3
1615000 29.1
1620000 21.9
1625000 126.3
1630000 136.0
1635000 358.3
1640000 420.4
1645000 668.1
1650000 608.2
1655000 742.6
1660000 842.1
1665000 799.5
1670000 825.6
1675000 837.9
1680000 817.6
1685000 882.7
1690000 822.2
1695000 828.2
1700000 844.1
1705000 859.7
1710000 862.6
1715000 874.0
1720000 851.8
1725000 858.5
1730000 860.1
1735000 867.0
1740000 872.0
1745000 845.4
1750000 863.4
1755000 852.6
1760000 875.8
1765000 874.9
1770000 859.9
1775000 861.6
1780000 847.0
1785000 882.1
1790000 883.3
1795000 842.5
1800000 901.5
1805000 59.0
1810000 28.3
1815000 35.7
1820000 159.2
1825000 169.9
1830000 149.9
1835000 281.4
1840000 713.7
1845000 780.7
1850000 789.3
1855000 824.6
1860000 809.7
1865000 736.9
1870000 807.9
1875000 688.7
1880000 789.6
1885000 712.1
1890000 785.3
1895000 792.7
1900000 829.5
1905000 859.2
1910000 837.9
1915000 858.3
1920000 888.1
1925000 856.5
1930000 853.7
1935000 886.2
1940000 910.8
1945000 869.4
1950000 884.6
1955000 874.6
1960000 878.8
1965000 888.2
1970000 865.2
1975000 885.3
1980000 917.6
1985000 897.5
1990000 880.9
1995000 899.4
2000000 883.1
