5000 40.9
10000 55.0
15000 147.8
20000 153.6
25000 55.9
30000 60.0
35000 154.0
40000 114.8
45000 67.1
50000 107.9
55000 153.1
60000 263.4
65000 105.7
70000 86.7
75000 61.0
80000 157.7
85000 124.8
90000 171.4
95000 165.4
100000 85.2
105000 18.3
110000 26.7
115000 197.7
120000 19.1
125000 116.1
130000 128.2
135000 65.9
140000 108.0
145000 175.1
150000 156.6
155000 114.3
160000 157.3
165000 95.7
170000 51.5
175000 122.6
180000 203.0
185000 123.8
190000 83.3
195000 248.3
200000 292.2
205000 72.5
210000 55.6
215000 163.4
220000 68.9
225000 71.5
230000 41.5
235000 142.8
240000 191.1
245000 287.4
250000 324.2
255000 215.8
260000 230.5
265000 298.1
270000 180.3
275000 293.7
280000 285.5
285000 263.1
290000 263.9
295000 339.8
300000 226.8
305000 291.4
310000 333.2
315000 402.6
320000 316.3
325000 364.7
330000 311.4
335000 287.5
340000 364.6
345000 333.7
350000 329.9
355000 367.0
360000 384.2
365000 430.6
370000 326.4
375000 349.1
380000 324.9
385000 314.9
390000 392.7
395000 280.5
400000 343.9
405000 102.0
410000 62.6
415000 10.2
420000 17.5
425000 314.8
430000 290.1
435000 165.2
440000 423.1
445000 279.3
450000 308.0
455000 334.5
460000 201.0
465000 316.9
470000 387.4
475000 402.7
480000 405.8
485000 423.8
490000 322.0
495000 401.7
500000 407.1
505000 461.9
510000 396.2
515000 490.2
520000 400.8
525000 392.2
530000 505.4
535000 431.3
540000 442.9
545000 328.9
550000 366.0
555000 426.7
560000 489.6
565000 510.0
570000 433.5
575000 522.5
580000 529.4
585000 463.7
590000 548.9
595000 531.1
600000 470.0
605000 134.0
610000 159.4
615000 111.9
620000 42.1
625000 215.0
630000 242.7
635000 360.1
640000 174.8
645000 367.6
650000 487.9
655000 244.4
660000 481.9
665000 407.9
670000 504.4
675000 334.1
680000 558.4
685000 500.6
690000 523.8
695000 644.4
700000 672.4
705000 572.8
710000 714.2
715000 607.2
720000 598.8
725000 662.5
730000 642.2
735000 731.1
740000 678.4
745000 731.3
750000 704.8
755000 720.0
760000 687.6
765000 684.7
770000 702.2
775000 677.2
780000 636.1
785000 662.3
790000 664.7
795000 724.5
800000 709.5
805000 109.9
810000 65.4
815000 116.6
820000 137.4
825000 116.9
830000 106.0
835000 392.0
840000 433.1
845000 446.3
850000 462.3
855000 630.4
860000 537.9
865000 484.0
870000 579.2
875000 654.6
880000 632.9
885000 654.3
890000 687.1
895000 681.5
900000 591.5
905000 694.3
910000 696.7
915000 733.7
920000 726.9
925000 690.1
930000 674.0
935000 692.6
940000 665.6
945000 676.4
950000 707.9
955000 698.5
960000 704.4
965000 708.1
970000 718.5
975000 708.3
980000 666.7
985000 711.5
990000 768.0
995000 779.9
1000000 755.1
1005000 104.4
1010000 63.7
1015000 61.8
1020000 197.8
1025000 90.4
1030000 214.2
1035000 227.3
1040000 524.7
1045000 605.2
1050000 673.5
1055000 474.2
1060000 647.8
1065000 690.8
1070000 479.1
1075000 487.4
1080000 662.4
1085000 593.5
1090000 733.6
1095000 716.3
1100000 748.7
1105000 702.9
1110000 724.5
1115000 761.7
1120000 696.6
1125000 718.6
1130000 739.1
1135000 757.9
1140000 759.0
1145000 703.9
1150000 721.1
1155000 755.7
1160000 746.1
1165000 800.3
1170000 775.0
1175000 777.2
1180000 751.5
1185000 797.2
1190000 777.5
1195000 793.9
1200000 762.2
1205000 157.7
1210000 49.5
1215000 116.3
1220000 47.7
1225000 238.9
1230000 198.3
1235000 422.3
1240000 488.3
1245000 462.2
1250000 585.9
1255000 495.0
1260000 398.0
1265000 609.8
1270000 689.3
1275000 672.7
1280000 724.3
1285000 758.5
1290000 769.6
1295000 781.4
1300000 754.8
1305000 747.6
1310000 790.3
1315000 822.0
1320000 814.9
1325000 738.1
1330000 795.1
1335000 833.5
1340000 806.5
1345000 796.7
1350000 857.0
1355000 797.3
1360000 837.2
1365000 798.9
1370000 870.6
1375000 825.7
1380000 834.0
1385000 830.5
1390000 874.0
1395000 826.0
1400000 808.2
1405000 158.4
1410000 27.5
1415000 59.9
1420000 25.7
1425000 94.5
1430000 102.8
1435000 298.4
1440000 475.1
1445000 632.4
1450000 592.5
1455000 596.6
1460000 780.6
1465000 721.2
1470000 665.9
1475000 790.1
1480000 765.5
1485000 799.5
1490000 825.4
1495000 701.6
1500000 828.6
1505000 869.8
1510000 792.0
1515000 775.7
1520000 855.0
1525000 815.0
1530000 864.9
1535000 891.9
1540000 899.4
1545000 901.1
1550000 865.0
1555000 896.1
1560000 897.0
1565000 878.7
1570000 891.1
1575000 883.5
1580000 879.9
1585000 868.8
1590000 733.2
1595000 852.3
1600000 891.1
1605000 56.7
1610000 147.8
1615000 155.4
1620000 120.4
1625000 78.7
1630000 179.3
1635000 153.6
1640000 436.3
1645000 582.1
1650000 753.8
1655000 690.3
1660000 572.9
1665000 791.2
1670000 819.4
1675000 852.4
1680000 789.4
1685000 859.7
1690000 843.0
1695000 853.4
1700000 895.0
1705000 864.7
1710000 899.6
1715000 867.7
1720000 901.1
1725000 855.2
1730000 887.1
1735000 879.1
1740000 868.5
1745000 898.1
1750000 884.8
1755000 877.4
1760000 897.8
1765000 888.3
1770000 885.5
1775000 892.2
1780000 895.3
1785000 896.4
1790000 911.0
1795000 908.8
1800000 890.7
1805000 207.1
1810000 113.3
1815000 164.0
1820000 17.5
1825000 14.8
1830000 106.3
1835000 130.1
1840000 597.4
1845000 680.0
1850000 476.7
1855000 715.1
1860000 784.5
1865000 847.2
1870000 825.6
1875000 849.8
1880000 825.2
1885000 815.8
1890000 832.4
1895000 861.0
1900000 881.2
1905000 875.1
1910000 871.6
1915000 888.2
1920000 842.5
1925000 893.0
1930000 902.7
1935000 884.8
1940000 881.6
1945000 904.4
1950000 835.9
1955000 788.5
1960000 901.7
1965000 926.4
1970000 914.7
1975000 902.4
1980000 920.2
1985000 893.1
1990000 899.3
1995000 905.1
2000000 900.2
