5000 40.3
10000 43.8
15000 57.6
20000 102.4
25000 201.0
30000 154.4
35000 57.2
40000 107.7
45000 59.4
50000 107.1
55000 62.0
60000 167.1
65000 112.4
70000 60.9
75000 169.2
80000 13.7
85000 92.5
90000 218.7
95000 139.1
100000 32.9
105000 148.6
110000 29.4
115000 83.7
120000 173.8
125000 194.0
130000 233.4
135000 29.5
140000 212.5
145000 108.2
150000 191.3
155000 211.4
160000 188.3
165000 193.9
170000 305.4
175000 180.1
180000 248.1
185000 358.3
190000 298.7
195000 490.3
200000 430.3
205000 73.2
210000 236.2
215000 115.5
220000 115.6
225000 240.2
230000 286.0
235000 477.1
240000 516.6
245000 498.5
250000 489.5
255000 498.8
260000 531.7
265000 522.7
270000 562.3
275000 503.1
280000 578.9
285000 555.7
290000 566.2
295000 599.5
300000 568.4
305000 621.5
310000 578.4
315000 558.9
320000 638.0
325000 648.4
330000 643.4
335000 497.8
340000 627.3
345000 618.6
350000 647.0
355000 625.8
360000 605.7
365000 636.4
370000 640.1
375000 632.3
380000 616.5
385000 663.1
390000 653.9
395000 667.4
400000 681.5
405000 154.4
410000 17.6
415000 184.8
420000 54.3
425000 305.9
430000 466.0
435000 589.1
440000 665.5
445000 656.3
450000 612.0
455000 641.2
460000 670.4
465000 654.9
470000 669.7
475000 695.7
480000 659.7
485000 612.7
490000 627.8
495000 631.2
500000 638.5
505000 694.3
510000 648.6
515000 700.5
520000 755.8
525000 708.8
530000 701.9
535000 716.7
540000 746.5
545000 717.6
550000 692.5
555000 694.0
560000 728.6
565000 699.9
570000 731.5
575000 720.6
580000 729.1
585000 750.1
590000 729.2
595000 744.9
600000 705.5
605000 157.4
610000 57.3
615000 115.5
620000 31.5
625000 154.1
630000 612.5
635000 703.2
640000 712.1
645000 696.4
650000 741.9
655000 720.7
660000 754.5
665000 756.1
670000 724.9
675000 773.7
680000 766.2
685000 740.9
690000 784.8
695000 707.7
700000 753.9
705000 788.2
710000 778.5
715000 777.5
720000 762.1
725000 746.8
730000 743.7
735000 717.9
740000 763.3
745000 769.0
750000 722.2
755000 789.3
760000 788.1
765000 778.4
770000 787.3
775000 796.0
780000 799.8
785000 786.7
790000 792.8
795000 791.5
800000 818.4
805000 6.3
810000 107.2
815000 15.4
820000 117.0
825000 79.3
830000 204.1
835000 415.8
840000 731.7
845000 658.6
850000 774.6
855000 727.6
860000 725.6
865000 773.0
870000 776.6
875000 800.1
880000 764.1
885000 786.5
890000 765.6
895000 758.3
900000 789.9
905000 807.4
910000 804.7
915000 797.3
920000 775.9
925000 822.0
930000 750.6
935000 821.2
940000 794.8
945000 802.4
950000 767.4
955000 814.2
960000 816.9
965000 829.4
970000 830.0
975000 819.2
980000 792.2
985000 818.2
990000 815.4
995000 798.2
1000000 824.4
1005000 164.9
1010000 130.5
1015000 66.7
1020000 58.4
1025000 214.2
1030000 314.4
1035000 387.0
1040000 774.4
1045000 671.1
1050000 735.7
1055000 720.1
1060000 760.3
1065000 800.5
1070000 779.0
1075000 781.8
1080000 796.8
1085000 775.6
1090000 790.1
1095000 686.0
1100000 753.9
1105000 775.5
1110000 813.7
1115000 829.1
1120000 807.9
1125000 817.9
1130000 814.1
1135000 826.7
1140000 826.0
1145000 830.1
1150000 812.2
1155000 833.0
1160000 826.0
1165000 843.1
1170000 773.2
1175000 833.4
1180000 826.6
1185000 809.6
1190000 841.3
1195000 817.8
1200000 815.8
1205000 80.7
1210000 52.8
1215000 24.8
1220000 65.5
1225000 59.9
1230000 352.2
1235000 466.4
1240000 487.3
1245000 595.3
1250000 726.7
1255000 728.1
1260000 722.6
1265000 739.9
1270000 783.4
1275000 764.7
1280000 784.5
1285000 823.0
1290000 788.2
1295000 818.6
1300000 824.6
1305000 816.9
1310000 803.4
1315000 845.3
1320000 798.7
1325000 800.7
1330000 857.0
1335000 843.5
1340000 827.2
1345000 841.1
1350000 850.7
1355000 859.4
1360000 841.5
1365000 850.7
1370000 814.2
1375000 857.1
1380000 841.6
1385000 850.1
1390000 841.8
1395000 831.6
1400000 843.3
1405000 113.0
1410000 11.5
1415000 16.2
1420000 59.0
1425000 38.1
1430000 62.0
1435000 318.6
1440000 698.7
1445000 750.8
1450000 715.2
1455000 717.1
1460000 836.0
1465000 835.8
1470000 801.0
1475000 813.0
1480000 849.0
1485000 754.3
1490000 820.8
1495000 820.5
1500000 814.6
1505000 788.5
1510000 767.5
1515000 828.8
1520000 864.5
1525000 780.4
1530000 833.4
1535000 858.4
1540000 879.9
1545000 855.7
1550000 850.4
1555000 863.2
1560000 838.4
1565000 858.1
1570000 817.9
1575000 863.8
1580000 858.0
1585000 831.2
1590000 871.0
1595000 841.1
1600000 874.3
1605000 112.8
1610000 24.8
1615000 49.6
1620000 103.4
1625000 42.8
1630000 257.2
1635000 573.0
1640000 501.7
1645000 695.5
1650000 786.8
1655000 824.0
1660000 800.0
1665000 845.5
1670000 836.6
1675000 782.9
1680000 723.2
1685000 843.4
1690000 706.6
1695000 849.5
1700000 832.7
1705000 821.6
1710000 774.0
1715000 783.6
1720000 840.9
1725000 833.1
1730000 834.1
1735000 751.8
1740000 843.4
1745000 846.4
1750000 846.5
1755000 859.0
1760000 851.0
1765000 848.8
1770000 858.1
1775000 863.2
1780000 840.1
1785000 850.9
1790000 861.3
1795000 826.3
1800000 878.4
1805000 207.9
1810000 124.6
1815000 58.1
1820000 160.3
1825000 26.8
1830000 45.4
1835000 427.8
1840000 664.3
1845000 751.3
1850000 669.2
1855000 796.3
1860000 760.7
1865000 793.8
1870000 814.6
1875000 813.9
1880000 827.7
1885000 806.8
1890000 819.2
1895000 845.9
1900000 837.6
1905000 838.6
1910000 797.2
1915000 821.9
1920000 862.1
1925000 865.1
1930000 844.4
1935000 856.2
1940000 880.6
1945000 850.8
1950000 876.0
1955000 834.1
1960000 888.5
1965000 866.0
1970000 853.5
1975000 870.2
1980000 881.5
1985000 885.5
1990000 870.5
1995000 867.7
2000000 862.7
