5000 52.5
10000 79.7
15000 98.7
20000 7.7
25000 97.3
30000 9.9
35000 113.5
40000 105.8
45000 155.4
50000 60.5
55000 237.1
60000 39.2
65000 213.7
70000 43.7
75000 201.8
80000 75.8
85000 105.6
90000 90.2
95000 29.0
100000 129.8
105000 64.0
110000 112.3
115000 171.5
120000 142.9
125000 149.6
130000 198.9
135000 80.5
140000 364.4
145000 194.1
150000 235.3
155000 65.5
160000 290.2
165000 256.4
170000 188.6
175000 236.3
180000 310.3
185000 239.5
190000 322.9
195000 241.5
200000 266.1
205000 55.5
210000 55.0
215000 106.3
220000 38.9
225000 82.8
230000 244.1
235000 245.6
240000 282.0
245000 220.8
250000 269.3
255000 261.1
260000 269.8
265000 281.8
270000 333.7
275000 328.0
280000 365.1
285000 289.4
290000 395.1
295000 342.1
300000 440.0
305000 404.3
310000 509.2
315000 441.1
320000 401.2
325000 388.6
330000 356.4
335000 407.5
340000 393.7
345000 437.3
350000 338.0
355000 526.8
360000 480.4
365000 471.7
370000 577.4
375000 592.5
380000 602.9
385000 524.7
390000 622.9
395000 587.4
400000 612.1
405000 75.0
410000 153.8
415000 41.1
420000 124.9
425000 277.7
430000 412.3
435000 316.3
440000 520.0
445000 548.7
450000 597.1
455000 516.3
460000 626.3
465000 580.5
470000 609.5
475000 588.3
480000 602.9
485000 602.1
490000 636.3
495000 509.5
500000 623.1
505000 586.4
510000 664.9
515000 681.8
520000 665.6
525000 718.4
530000 720.2
535000 693.0
540000 708.0
545000 708.5
550000 674.5
555000 725.2
560000 706.1
565000 742.5
570000 736.7
575000 633.5
580000 737.5
585000 684.4
590000 681.5
595000 759.1
600000 715.2
605000 58.4
610000 97.8
615000 32.4
620000 28.1
625000 122.3
630000 258.4
635000 290.8
640000 631.9
645000 706.9
650000 726.7
655000 713.7
660000 696.3
665000 717.8
670000 779.4
675000 755.9
680000 729.3
685000 799.5
690000 758.7
695000 743.5
700000 651.5
705000 763.8
710000 708.1
715000 732.7
720000 764.4
725000 757.7
730000 757.7
735000 765.1
740000 781.3
745000 793.4
750000 739.9
755000 802.3
760000 741.2
765000 771.9
770000 805.6
775000 769.9
780000 772.1
785000 809.9
790000 827.3
795000 796.7
800000 812.4
805000 104.0
810000 40.3
815000 16.9
820000 11.9
825000 64.8
830000 203.8
835000 687.3
840000 408.1
845000 694.0
850000 566.6
855000 662.2
860000 716.1
865000 760.3
870000 749.8
875000 734.2
880000 679.6
885000 765.3
890000 720.1
895000 819.2
900000 823.7
905000 771.5
910000 806.9
915000 743.3
920000 831.0
925000 779.5
930000 803.5
935000 828.4
940000 772.3
945000 824.1
950000 803.1
955000 821.4
960000 819.4
965000 786.5
970000 806.7
975000 822.1
980000 808.1
985000 839.6
990000 846.7
995000 870.2
1000000 762.5
1005000 88.6
1010000 32.9
1015000 15.4
1020000 51.3
1025000 199.4
1030000 375.3
1035000 466.7
1040000 596.2
1045000 691.1
1050000 552.5
1055000 729.1
1060000 679.4
1065000 786.6
1070000 755.3
1075000 690.8
1080000 796.5
1085000 877.0
1090000 795.4
1095000 887.2
1100000 807.9
1105000 731.3
1110000 878.7
1115000 898.9
1120000 782.8
1125000 907.1
1130000 892.6
1135000 888.0
1140000 892.7
1145000 903.9
1150000 868.9
1155000 872.4
1160000 888.1
1165000 881.1
1170000 873.9
1175000 856.9
1180000 907.2
1185000 882.6
1190000 917.2
1195000 873.7
1200000 887.1
1205000 111.4
1210000 19.7
1215000 31.1
1220000 153.8
1225000 63.9
1230000 297.7
1235000 393.2
1240000 425.6
1245000 835.3
1250000 777.5
1255000 813.3
1260000 809.4
1265000 854.0
1270000 864.6
1275000 827.5
1280000 777.0
1285000 834.2
1290000 882.8
1295000 807.2
1300000 870.1
1305000 871.1
1310000 881.9
1315000 895.7
1320000 914.3
1325000 912.8
1330000 896.9
1335000 915.2
1340000 871.6
1345000 909.2
1350000 927.1
1355000 886.6
1360000 890.3
1365000 877.1
1370000 909.5
1375000 894.9
1380000 929.9
1385000 886.9
1390000 888.1
1395000 902.7
1400000 933.8
1405000 63.6
1410000 10.5
1415000 70.4
1420000 75.8
1425000 50.7
1430000 485.6
1435000 709.5
1440000 410.8
1445000 657.0
1450000 833.1
1455000 801.9
1460000 776.8
1465000 785.5
1470000 844.5
1475000 824.8
1480000 835.4
1485000 766.1
1490000 750.5
1495000 823.7
1500000 885.0
1505000 765.4
1510000 884.1
1515000 912.3
1520000 876.9
1525000 872.4
1530000 882.0
1535000 867.3
1540000 921.8
1545000 889.5
1550000 883.2
1555000 928.0
1560000 921.6
1565000 878.0
1570000 879.1
1575000 913.8
1580000 913.8
1585000 879.3
1590000 938.6
1595000 931.7
1600000 885.9
1605000 110.4
1610000 15.8
1615000 7.9
1620000 20.8
1625000 74.5
1630000 47.9
1635000 507.5
1640000 481.8
1645000 515.3
1650000 743.7
1655000 851.4
1660000 903.5
1665000 877.9
1670000 880.1
1675000 842.7
1680000 801.8
1685000 906.6
1690000 887.0
1695000 908.6
1700000 906.8
1705000 872.3
1710000 888.8
1715000 856.2
1720000 834.9
1725000 889.4
1730000 922.4
1735000 889.1
1740000 908.2
1745000 908.7
1750000 920.5
1755000 894.1
1760000 925.5
1765000 913.7
1770000 931.8
1775000 913.1
1780000 918.8
1785000 917.4
1790000 922.4
1795000 919.5
1800000 941.5
1805000 160.2
1810000 60.0
1815000 17.4
1820000 124.9
1825000 177.8
1830000 499.3
1835000 489.9
1840000 396.5
1845000 453.7
1850000 751.2
1855000 795.2
1860000 800.2
1865000 770.6
1870000 796.8
1875000 863.1
1880000 889.3
1885000 908.4
1890000 867.0
1895000 906.2
1900000 867.6
1905000 902.1
1910000 914.4
1915000 875.2
1920000 877.1
1925000 940.6
1930000 928.7
1935000 920.1
1940000 889.2
1945000 927.3
1950000 924.5
1955000 925.0
1960000 945.1
1965000 933.1
1970000 919.8
1975000 922.9
1980000 919.3
1985000 908.1
1990000 915.0
1995000 940.7
2000000 936.7
