5000 15.4
10000 66.6
15000 105.6
20000 55.9
25000 155.4
30000 192.3
35000 209.3
40000 152.8
45000 57.9
50000 164.4
55000 59.5
60000 36.2
65000 59.5
70000 57.6
75000 57.8
80000 112.2
85000 14.6
90000 228.3
95000 109.3
100000 65.0
105000 53.2
110000 126.3
115000 60.4
120000 218.3
125000 113.4
130000 158.5
135000 298.4
140000 195.3
145000 99.0
150000 183.1
155000 246.5
160000 242.9
165000 219.2
170000 222.7
175000 324.1
180000 379.6
185000 262.5
190000 273.2
195000 247.4
200000 391.2
205000 102.8
210000 94.1
215000 13.0
220000 160.3
225000 138.5
230000 123.6
235000 254.4
240000 305.8
245000 225.8
250000 408.9
255000 299.5
260000 553.0
265000 492.0
270000 478.6
275000 354.5
280000 342.6
285000 441.9
290000 289.8
295000 397.6
300000 359.4
305000 479.4
310000 477.6
315000 528.9
320000 529.0
325000 605.5
330000 510.9
335000 545.9
340000 502.9
345000 604.0
350000 614.7
355000 569.1
360000 574.3
365000 626.4
370000 537.0
375000 600.5
380000 575.7
385000 638.7
390000 539.0
395000 659.6
400000 594.7
405000 55.5
410000 100.2
415000 122.7
420000 117.3
425000 106.9
430000 502.7
435000 339.7
440000 517.6
445000 533.2
450000 545.1
455000 439.1
460000 556.6
465000 602.5
470000 631.1
475000 578.7
480000 529.1
485000 608.6
490000 598.8
495000 602.4
500000 610.9
505000 659.4
510000 646.4
515000 664.8
520000 633.6
525000 658.7
530000 633.0
535000 680.8
540000 687.0
545000 678.3
550000 643.4
555000 683.2
560000 676.7
565000 668.3
570000 685.6
575000 688.8
580000 654.1
585000 713.9
590000 677.0
595000 669.3
600000 672.9
605000 156.0
610000 6.4
615000 39.3
620000 132.1
625000 32.3
630000 544.0
635000 661.9
640000 631.6
645000 625.7
650000 635.2
655000 652.5
660000 551.4
665000 602.0
670000 641.5
675000 634.1
680000 654.6
685000 690.5
690000 709.0
695000 658.1
700000 686.8
705000 653.1
710000 655.4
715000 658.1
720000 700.1
725000 650.7
730000 710.2
735000 708.3
740000 699.9
745000 692.2
750000 673.1
755000 711.9
760000 759.1
765000 733.6
770000 744.1
775000 736.8
780000 732.9
785000 700.0
790000 750.5
795000 720.0
800000 728.6
805000 110.6
810000 101.2
815000 139.6
820000 196.9
825000 83.2
830000 620.0
835000 498.0
840000 691.9
845000 664.7
850000 685.9
855000 689.6
860000 684.0
865000 718.1
870000 612.2
875000 720.0
880000 666.0
885000 704.0
890000 633.2
895000 688.8
900000 700.5
905000 709.4
910000 719.9
915000 728.3
920000 698.2
925000 738.9
930000 744.5
935000 739.9
940000 748.6
945000 672.8
950000 722.4
955000 753.6
960000 739.0
965000 762.8
970000 748.6
975000 761.5
980000 740.2
985000 739.0
990000 745.3
995000 758.4
1000000 772.7
1005000 102.9
1010000 55.4
1015000 62.8
1020000 21.6
1025000 224.2
1030000 234.2
1035000 492.1
1040000 642.4
1045000 664.3
1050000 656.6
1055000 707.5
1060000 674.6
1065000 695.8
1070000 749.8
1075000 747.3
1080000 713.0
1085000 728.7
1090000 665.7
1095000 767.3
1100000 793.6
1105000 790.4
1110000 783.6
1115000 783.1
1120000 775.8
1125000 744.2
1130000 782.9
1135000 763.4
1140000 764.2
1145000 735.2
1150000 737.8
1155000 740.0
1160000 744.2
1165000 782.4
1170000 691.6
1175000 772.2
1180000 787.6
1185000 809.8
1190000 801.1
1195000 793.9
1200000 789.0
1205000 41.1
1210000 33.3
1215000 31.9
1220000 51.9
1225000 126.5
1230000 128.0
1235000 614.5
1240000 554.2
1245000 737.8
1250000 706.1
1255000 673.2
1260000 724.6
1265000 777.3
1270000 745.2
1275000 763.3
1280000 797.7
1285000 780.7
1290000 806.1
1295000 794.2
1300000 785.4
1305000 777.6
1310000 751.6
1315000 809.1
1320000 813.8
1325000 798.4
1330000 774.2
1335000 795.7
1340000 814.6
1345000 811.5
1350000 820.0
1355000 819.1
1360000 814.0
1365000 822.7
1370000 828.1
1375000 811.2
1380000 830.4
1385000 842.2
1390000 820.0
1395000 815.7
1400000 831.0
1405000 119.4
1410000 23.8
1415000 161.6
1420000 65.3
1425000 66.5
1430000 365.5
1435000 461.5
1440000 619.9
1445000 695.2
1450000 713.4
1455000 760.2
1460000 765.5
1465000 769.7
1470000 777.7
1475000 784.6
1480000 783.6
1485000 753.4
1490000 754.4
1495000 821.7
1500000 802.2
1505000 831.0
1510000 791.0
1515000 810.5
1520000 835.0
1525000 809.1
1530000 844.9
1535000 838.7
1540000 838.4
1545000 827.9
1550000 844.6
1555000 841.0
1560000 864.8
1565000 871.0
1570000 864.8
1575000 835.2
1580000 863.2
1585000 858.3
1590000 834.7
1595000 860.4
1600000 868.8
1605000 120.7
1610000 21.7
1615000 109.8
1620000 137.5
1625000 153.3
1630000 226.3
1635000 657.9
1640000 700.1
1645000 753.7
1650000 620.7
1655000 550.3
1660000 844.9
1665000 811.4
1670000 868.7
1675000 809.6
1680000 787.7
1685000 870.8
1690000 832.6
1695000 842.4
1700000 843.7
1705000 849.8
1710000 870.8
1715000 849.0
1720000 846.2
1725000 875.6
1730000 849.4
1735000 839.1
1740000 861.2
1745000 859.0
1750000 862.3
1755000 867.5
1760000 846.9
1765000 849.6
1770000 858.8
1775000 842.0
1780000 885.8
1785000 876.3
1790000 872.6
1795000 863.3
1800000 860.4
1805000 221.8
1810000 15.8
1815000 177.3
1820000 57.2
1825000 15.9
1830000 42.9
1835000 257.4
1840000 405.3
1845000 738.0
1850000 681.0
1855000 794.3
1860000 845.6
1865000 838.4
1870000 749.2
1875000 835.5
1880000 816.5
1885000 791.3
1890000 819.1
1895000 844.0
1900000 829.3
1905000 834.9
1910000 817.9
1915000 834.3
1920000 853.7
1925000 816.0
1930000 858.2
1935000 854.7
1940000 850.9
1945000 821.8
1950000 865.8
1955000 869.5
1960000 843.8
1965000 844.5
1970000 872.9
1975000 877.2
1980000 890.9
1985000 884.1
1990000 905.7
1995000 871.8
2000000 891.2
