5000 126.6
10000 149.1
15000 155.1
20000 154.2
25000 104.1
30000 207.3
35000 107.8
40000 58.9
45000 207.0
50000 108.6
55000 112.9
60000 164.2
65000 50.9
70000 116.7
75000 74.5
80000 115.6
85000 70.4
90000 144.5
95000 137.5
100000 14.3
105000 32.3
110000 51.8
115000 28.4
120000 61.5
125000 27.6
130000 14.9
135000 151.3
140000 67.5
145000 59.3
150000 82.2
155000 65.4
160000 21.7
165000 205.0
170000 66.8
175000 27.1
180000 88.9
185000 82.9
190000 70.8
195000 207.5
200000 247.3
205000 119.9
210000 110.0
215000 113.9
220000 109.6
225000 149.6
230000 203.3
235000 100.2
240000 194.3
245000 173.4
250000 452.0
255000 324.7
260000 366.3
265000 456.7
270000 504.2
275000 477.9
280000 503.3
285000 394.8
290000 416.5
295000 452.1
300000 294.2
305000 511.7
310000 453.0
315000 479.3
320000 491.7
325000 492.6
330000 558.9
335000 500.5
340000 527.0
345000 572.7
350000 576.8
355000 570.9
360000 543.5
365000 602.2
370000 563.6
375000 601.2
380000 590.2
385000 577.7
390000 595.7
395000 626.3
400000 641.3
405000 55.0
410000 106.4
415000 116.1
420000 236.9
425000 149.0
430000 100.3
435000 562.6
440000 600.7
445000 616.1
450000 483.6
455000 564.1
460000 635.8
465000 639.9
470000 620.3
475000 664.4
480000 665.4
485000 665.9
490000 646.0
495000 662.8
500000 615.0
505000 720.6
510000 641.5
515000 694.6
520000 671.9
525000 669.8
530000 666.0
535000 684.6
540000 696.7
545000 700.9
550000 654.8
555000 673.7
560000 691.5
565000 659.9
570000 703.5
575000 726.9
580000 663.6
585000 754.2
590000 705.4
595000 667.5
600000 731.6
605000 155.0
610000 164.3
615000 127.4
620000 36.3
625000 36.3
630000 373.0
635000 587.0
640000 629.4
645000 504.4
650000 649.5
655000 694.9
660000 701.4
665000 670.5
670000 653.9
675000 715.5
680000 659.4
685000 681.0
690000 743.8
695000 672.5
700000 740.8
705000 735.0
710000 709.2
715000 755.4
720000 736.1
725000 779.5
730000 643.0
735000 699.4
740000 704.6
745000 746.4
750000 750.5
755000 757.0
760000 757.1
765000 719.6
770000 768.3
775000 786.7
780000 745.7
785000 764.1
790000 791.0
795000 792.8
800000 770.8
805000 109.5
810000 196.7
815000 270.3
820000 309.2
825000 54.1
830000 235.7
835000 549.4
840000 553.0
845000 684.6
850000 620.2
855000 660.7
860000 662.7
865000 639.8
870000 696.6
875000 694.5
880000 744.8
885000 739.9
890000 697.2
895000 723.1
900000 746.0
905000 754.2
910000 725.1
915000 769.0
920000 764.7
925000 765.7
930000 771.2
935000 771.7
940000 735.3
945000 759.7
950000 775.8
955000 791.4
960000 767.8
965000 769.0
970000 751.2
975000 753.8
980000 767.7
985000 782.6
990000 744.4
995000 772.3
1000000 741.4
1005000 109.0
1010000 107.6
1015000 18.1
1020000 55.9
1025000 74.6
1030000 627.7
1035000 689.4
1040000 595.6
1045000 733.0
1050000 668.3
1055000 760.5
1060000 707.1
1065000 726.6
1070000 718.9
1075000 723.1
1080000 762.8
1085000 783.5
1090000 741.9
1095000 676.8
1100000 766.1
1105000 745.0
1110000 747.0
1115000 807.5
1120000 767.8
1125000 768.4
1130000 794.6
1135000 777.8
1140000 753.0
1145000 830.2
1150000 696.9
1155000 841.6
1160000 832.2
1165000 829.5
1170000 838.5
1175000 795.5
1180000 829.7
1185000 716.5
1190000 826.1
1195000 826.3
1200000 826.9
1205000 3.5
1210000 21.3
1215000 114.2
1220000 50.8
1225000 24.7
1230000 84.3
1235000 565.7
1240000 548.4
1245000 666.0
1250000 674.2
1255000 553.3
1260000 682.8
1265000 708.7
1270000 744.4
1275000 708.6
1280000 745.8
1285000 810.7
1290000 730.3
1295000 796.5
1300000 808.1
1305000 801.5
1310000 789.3
1315000 816.3
1320000 797.6
1325000 817.9
1330000 809.1
1335000 825.5
1340000 795.1
1345000 838.9
1350000 803.2
1355000 800.1
1360000 825.3
1365000 852.9
1370000 776.0
1375000 845.5
1380000 839.1
1385000 834.3
1390000 815.2
1395000 828.0
1400000 839.3
1405000 153.7
1410000 19.6
1415000 26.3
1420000 216.1
1425000 299.3
1430000 96.5
1435000 531.5
1440000 545.9
1445000 609.3
1450000 706.5
1455000 713.2
1460000 746.4
1465000 779.9
1470000 780.1
1475000 745.0
1480000 807.9
1485000 805.9
1490000 776.8
1495000 782.5
1500000 802.3
1505000 801.0
1510000 780.9
1515000 812.4
1520000 803.9
1525000 783.9
1530000 806.6
1535000 810.1
1540000 823.0
1545000 834.8
1550000 797.2
1555000 796.5
1560000 835.0
1565000 837.9
1570000 808.3
1575000 847.7
1580000 816.6
1585000 852.1
1590000 836.0
1595000 827.5
1600000 818.2
1605000 32.5
1610000 181.5
1615000 143.7
1620000 189.0
1625000 43.1
1630000 35.7
1635000 207.7
1640000 481.0
1645000 619.8
1650000 700.6
1655000 710.4
1660000 503.1
1665000 744.6
1670000 741.1
1675000 766.4
1680000 761.5
1685000 787.9
1690000 788.8
1695000 815.0
1700000 807.0
1705000 813.7
1710000 806.2
1715000 811.2
1720000 843.1
1725000 820.8
1730000 828.4
1735000 830.4
1740000 829.9
1745000 845.8
1750000 840.3
1755000 815.2
1760000 812.2
1765000 816.6
1770000 846.6
1775000 829.4
1780000 840.0
1785000 864.2
1790000 805.0
1795000 839.5
1800000 855.4
1805000 159.8
1810000 23.7
1815000 65.2
1820000 74.5
1825000 77.8
1830000 85.1
1835000 328.1
1840000 434.0
1845000 713.1
1850000 662.6
1855000 745.1
1860000 655.9
1865000 760.7
1870000 769.1
1875000 769.6
1880000 801.6
1885000 759.5
1890000 798.5
1895000 787.5
1900000 738.3
1905000 782.1
1910000 786.5
1915000 817.1
1920000 805.9
1925000 779.2
1930000 773.1
1935000 816.1
1940000 817.7
1945000 815.4
1950000 841.3
1955000 831.5
1960000 801.4
1965000 804.5
1970000 842.8
1975000 840.0
1980000 831.0
1985000 826.2
1990000 802.8
1995000 844.6
2000000 840.1
