5000 157.0
10000 161.4
15000 9.5
20000 64.7
25000 192.6
30000 13.8
35000 17.1
40000 13.5
45000 88.3
50000 59.8
55000 160.6
60000 46.7
65000 63.7
70000 109.1
75000 75.1
80000 76.8
85000 79.3
90000 109.9
95000 58.3
100000 150.8
105000 224.3
110000 178.4
115000 194.2
120000 98.9
125000 192.2
130000 152.6
135000 271.7
140000 248.6
145000 106.4
150000 174.4
155000 331.4
160000 283.0
165000 390.9
170000 381.8
175000 440.1
180000 471.5
185000 455.1
190000 410.6
195000 482.5
200000 471.1
205000 102.8
210000 102.1
215000 169.4
220000 375.2
225000 125.9
230000 438.4
235000 483.8
240000 459.4
245000 463.6
250000 438.1
255000 511.4
260000 516.3
265000 498.5
270000 479.4
275000 505.2
280000 514.1
285000 588.1
290000 588.7
295000 571.0
300000 641.7
305000 565.6
310000 649.2
315000 594.6
320000 596.3
325000 633.1
330000 660.2
335000 688.5
340000 669.8
345000 693.0
350000 671.1
355000 664.1
360000 662.0
365000 683.6
370000 648.1
375000 666.7
380000 675.8
385000 676.3
390000 684.3
395000 652.5
400000 656.9
405000 56.6
410000 103.7
415000 152.4
420000 122.0
425000 445.6
430000 590.4
435000 586.4
440000 541.4
445000 635.5
450000 652.3
455000 547.2
460000 671.6
465000 532.2
470000 646.2
475000 671.4
480000 622.2
485000 667.2
490000 695.6
495000 725.0
500000 700.5
505000 662.0
510000 702.5
515000 736.8
520000 753.3
525000 742.9
530000 745.2
535000 723.5
540000 745.6
545000 728.0
550000 765.2
555000 736.0
560000 759.0
565000 771.9
570000 755.4
575000 717.0
580000 749.0
585000 773.7
590000 765.9
595000 722.8
600000 777.8
605000 69.0
610000 60.7
615000 37.6
620000 175.3
625000 488.4
630000 590.2
635000 628.7
640000 690.0
645000 571.2
650000 660.2
655000 656.9
660000 630.8
665000 774.9
670000 767.7
675000 710.0
680000 756.9
685000 759.9
690000 729.2
695000 792.5
700000 763.7
705000 757.9
710000 770.7
715000 784.9
720000 754.5
725000 790.0
730000 695.2
735000 750.4
740000 828.4
745000 823.6
750000 778.5
755000 750.0
760000 819.6
765000 776.7
770000 822.1
775000 783.6
780000 808.9
785000 785.4
790000 784.8
795000 825.8
800000 840.7
805000 205.2
810000 11.5
815000 64.1
820000 32.8
825000 512.9
830000 658.6
835000 678.6
840000 720.0
845000 710.5
850000 652.7
855000 770.1
860000 699.9
865000 750.4
870000 783.8
875000 740.8
880000 806.9
885000 757.7
890000 821.9
895000 740.4
900000 795.4
905000 791.2
910000 794.7
915000 816.0
920000 835.9
925000 801.1
930000 792.0
935000 837.9
940000 826.4
945000 782.7
950000 840.7
955000 834.7
960000 828.9
965000 873.7
970000 835.8
975000 835.1
980000 841.3
985000 831.6
990000 866.8
995000 854.5
1000000 857.5
1005000 34.8
1010000 112.8
1015000 55.5
1020000 10.9
1025000 151.6
1030000 526.9
1035000 615.8
1040000 676.5
1045000 702.4
1050000 751.5
1055000 775.2
1060000 775.9
1065000 854.3
1070000 802.6
1075000 832.8
1080000 781.9
1085000 799.3
1090000 830.0
1095000 785.3
1100000 854.3
1105000 843.7
1110000 845.6
1115000 819.3
1120000 803.4
1125000 841.8
1130000 816.8
1135000 840.0
1140000 850.9
1145000 856.3
1150000 873.8
1155000 838.0
1160000 847.3
1165000 875.4
1170000 869.6
1175000 859.5
1180000 869.3
1185000 859.4
1190000 859.8
1195000 853.6
1200000 869.4
1205000 58.4
1210000 80.1
1215000 27.5
1220000 206.6
1225000 324.0
1230000 524.4
1235000 664.4
1240000 736.5
1245000 786.0
1250000 791.5
1255000 818.4
1260000 824.8
1265000 776.2
1270000 818.2
1275000 812.1
1280000 762.9
1285000 856.2
1290000 823.4
1295000 805.0
1300000 775.5
1305000 787.2
1310000 832.6
1315000 855.4
1320000 836.8
1325000 844.9
1330000 815.7
1335000 841.2
1340000 863.3
1345000 883.5
1350000 874.7
1355000 864.1
1360000 860.5
1365000 874.2
1370000 865.7
1375000 878.7
1380000 890.8
1385000 827.1
1390000 863.7
1395000 875.9
1400000 850.1
1405000 55.5
1410000 33.9
1415000 67.8
1420000 362.5
1425000 89.9
1430000 454.8
1435000 731.9
1440000 766.3
1445000 735.0
1450000 798.8
1455000 762.6
1460000 837.9
1465000 855.8
1470000 844.1
1475000 743.4
1480000 843.5
1485000 859.1
1490000 852.1
1495000 873.0
1500000 811.8
1505000 868.2
1510000 831.7
1515000 859.2
1520000 867.9
1525000 881.6
1530000 856.7
1535000 827.0
1540000 852.2
1545000 872.7
1550000 879.1
1555000 882.1
1560000 879.9
1565000 872.8
1570000 846.6
1575000 872.8
1580000 875.6
1585000 867.6
1590000 878.1
1595000 879.7
1600000 890.5
1605000 10.7
1610000 31.8
1615000 33.1
1620000 151.6
1625000 229.4
1630000 453.2
1635000 570.4
1640000 257.2
1645000 771.7
1650000 648.8
1655000 776.6
1660000 842.5
1665000 850.4
1670000 834.6
1675000 869.2
1680000 865.3
1685000 858.3
1690000 791.3
1695000 867.2
1700000 836.2
1705000 851.2
1710000 825.9
1715000 845.7
1720000 800.8
1725000 864.4
1730000 845.0
1735000 858.9
1740000 889.8
1745000 882.7
1750000 906.9
1755000 911.7
1760000 909.3
1765000 878.8
1770000 874.6
1775000 834.8
1780000 860.8
1785000 871.8
1790000 901.9
1795000 906.8
1800000 916.0
1805000 202.6
1810000 16.9
1815000 49.1
1820000 27.6
1825000 103.7
1830000 165.6
1835000 320.1
1840000 717.6
1845000 656.8
1850000 821.1
1855000 840.6
1860000 800.3
1865000 842.5
1870000 800.5
1875000 841.3
1880000 873.6
1885000 852.3
1890000 862.7
1895000 848.0
1900000 886.6
1905000 891.6
1910000 860.9
1915000 891.0
1920000 870.6
1925000 876.8
1930000 866.0
1935000 886.6
1940000 883.4
1945000 892.0
1950000 889.5
1955000 908.3
1960000 878.9
1965000 916.4
1970000 913.0
1975000 916.0
1980000 926.4
1985000 916.5
1990000 917.7
1995000 903.6
2000000 903.2
