5000 20.5
10000 32.7
15000 133.6
20000 151.6
25000 106.6
30000 105.3
35000 203.2
40000 69.2
45000 153.3
50000 105.0
55000 203.4
60000 152.4
65000 107.2
70000 60.7
75000 106.2
80000 166.2
85000 207.7
90000 168.0
95000 16.8
100000 108.7
105000 18.2
110000 112.4
115000 162.7
120000 11.7
125000 64.9
130000 117.3
135000 121.3
140000 27.2
145000 142.1
150000 79.3
155000 216.0
160000 29.8
165000 126.5
170000 67.2
175000 137.3
180000 60.6
185000 63.0
190000 76.8
195000 64.0
200000 151.0
205000 81.5
210000 245.2
215000 23.5
220000 29.2
225000 40.9
230000 65.8
235000 123.8
240000 43.5
245000 108.8
250000 154.4
255000 246.8
260000 304.8
265000 316.6
270000 271.3
275000 301.0
280000 415.9
285000 377.5
290000 467.5
295000 541.8
300000 634.5
305000 626.7
310000 651.8
315000 647.4
320000 625.9
325000 610.9
330000 688.3
335000 683.3
340000 675.8
345000 668.6
350000 663.5
355000 606.5
360000 656.6
365000 661.9
370000 707.5
375000 725.7
380000 756.0
385000 709.8
390000 745.8
395000 692.4
400000 736.0
405000 73.3
410000 51.4
415000 18.4
420000 72.0
425000 115.2
430000 660.1
435000 581.8
440000 713.6
445000 688.4
450000 750.4
455000 714.3
460000 661.5
465000 763.4
470000 745.4
475000 745.2
480000 717.0
485000 709.0
490000 731.0
495000 706.1
500000 764.9
505000 730.0
510000 764.6
515000 778.9
520000 791.4
525000 779.2
530000 767.3
535000 785.9
540000 782.9
545000 813.6
550000 783.2
555000 777.5
560000 820.1
565000 816.7
570000 793.8
575000 804.9
580000 778.7
585000 813.6
590000 797.3
595000 810.2
600000 824.8
605000 111.3
610000 14.2
615000 70.3
620000 12.2
625000 87.2
630000 500.4
635000 675.8
640000 757.3
645000 739.1
650000 747.8
655000 785.6
660000 695.0
665000 739.3
670000 740.0
675000 739.0
680000 770.5
685000 737.3
690000 747.9
695000 804.9
700000 751.2
705000 815.1
710000 813.3
715000 822.9
720000 784.0
725000 805.8
730000 814.2
735000 785.8
740000 828.8
745000 792.0
750000 828.4
755000 800.9
760000 836.6
765000 837.6
770000 840.0
775000 791.3
780000 819.8
785000 824.2
790000 845.8
795000 828.4
800000 844.0
805000 59.2
810000 40.5
815000 16.6
820000 24.1
825000 129.9
830000 639.6
835000 743.1
840000 652.5
845000 743.2
850000 704.3
855000 754.4
860000 831.5
865000 803.4
870000 738.8
875000 772.2
880000 798.7
885000 843.0
890000 812.1
895000 805.1
900000 797.5
905000 795.6
910000 825.7
915000 814.4
920000 799.0
925000 808.8
930000 826.6
935000 814.5
940000 831.5
945000 821.6
950000 842.5
955000 834.2
960000 842.5
965000 811.0
970000 826.5
975000 845.3
980000 816.9
985000 836.5
990000 839.0
995000 842.0
1000000 822.1
1005000 60.7
1010000 64.3
1015000 16.9
1020000 31.9
1025000 107.9
1030000 399.5
1035000 603.0
1040000 621.5
1045000 708.8
1050000 760.6
1055000 796.3
1060000 788.7
1065000 786.7
1070000 780.2
1075000 786.4
1080000 809.9
1085000 823.1
1090000 773.8
1095000 842.1
1100000 799.4
1105000 829.6
1110000 847.5
1115000 828.6
1120000 815.1
1125000 843.6
1130000 838.3
1135000 851.7
1140000 847.9
1145000 850.0
1150000 836.4
1155000 842.1
1160000 832.9
1165000 824.7
1170000 857.7
1175000 839.4
1180000 844.9
1185000 848.6
1190000 867.3
1195000 864.0
1200000 833.1
1205000 20.3
1210000 37.1
1215000 14.6
1220000 48.0
1225000 89.4
1230000 545.1
1235000 634.7
1240000 713.3
1245000 778.8
1250000 761.7
1255000 822.4
1260000 788.8
1265000 825.9
1270000 791.2
1275000 846.7
1280000 828.5
1285000 825.7
1290000 835.6
1295000 805.0
1300000 820.9
1305000 829.0
1310000 828.1
1315000 838.0
1320000 798.9
1325000 839.5
1330000 859.5
1335000 861.3
1340000 861.7
1345000 857.1
1350000 858.8
1355000 858.5
1360000 870.4
1365000 870.8
1370000 867.6
1375000 843.8
1380000 864.6
1385000 861.0
1390000 855.9
1395000 878.3
1400000 845.9
1405000 29.2
1410000 27.8
1415000 32.4
1420000 63.1
1425000 43.8
1430000 144.9
1435000 521.7
1440000 609.0
1445000 700.9
1450000 566.4
1455000 751.5
1460000 823.1
1465000 818.5
1470000 768.0
1475000 634.4
1480000 786.9
1485000 849.4
1490000 843.2
1495000 823.5
1500000 832.8
1505000 855.9
1510000 849.3
1515000 848.6
1520000 752.6
1525000 866.4
1530000 848.2
1535000 861.0
1540000 854.6
1545000 848.5
1550000 877.3
1555000 856.6
1560000 876.5
1565000 870.0
1570000 861.4
1575000 851.4
1580000 840.1
1585000 873.4
1590000 694.4
1595000 885.2
1600000 855.9
1605000 144.1
1610000 35.2
1615000 10.1
1620000 69.4
1625000 16.6
1630000 274.4
1635000 668.1
1640000 660.1
1645000 680.1
1650000 753.7
1655000 799.8
1660000 811.9
1665000 796.4
1670000 816.7
1675000 775.7
1680000 815.9
1685000 837.3
1690000 851.7
1695000 837.6
1700000 842.7
1705000 832.9
1710000 875.9
1715000 850.7
1720000 861.2
1725000 869.2
1730000 881.6
1735000 868.7
1740000 848.5
1745000 816.4
1750000 838.1
1755000 866.9
1760000 856.4
1765000 886.8
1770000 859.4
1775000 853.3
1780000 872.3
1785000 867.1
1790000 876.5
1795000 860.6
1800000 865.6
1805000 21.4
1810000 55.9
1815000 23.6
1820000 28.1
1825000 76.1
1830000 271.8
1835000 550.8
1840000 536.4
1845000 710.3
1850000 772.5
1855000 831.1
1860000 709.5
1865000 805.1
1870000 816.1
1875000 827.7
1880000 829.6
1885000 848.4
1890000 795.0
1895000 818.7
1900000 846.9
1905000 851.8
1910000 850.9
1915000 840.8
1920000 844.3
1925000 835.9
1930000 847.0
1935000 861.8
1940000 866.5
1945000 855.7
1950000 833.3
1955000 828.6
1960000 843.7
1965000 854.9
1970000 851.1
1975000 870.1
1980000 860.6
1985000 875.4
1990000 869.6
1995000 890.5
2000000 868.4
