5000 39.9
10000 31.4
15000 80.1
20000 59.0
25000 152.3
30000 56.7
35000 108.5
40000 59.3
45000 247.4
50000 58.8
55000 56.8
60000 111.1
65000 103.6
70000 157.7
75000 154.2
80000 8.5
85000 56.6
90000 111.9
95000 108.3
100000 104.2
105000 57.9
110000 158.0
115000 106.1
120000 56.9
125000 151.2
130000 165.1
135000 57.4
140000 102.3
145000 105.5
150000 118.9
155000 109.8
160000 205.3
165000 87.9
170000 156.2
175000 110.4
180000 54.6
185000 55.5
190000 110.2
195000 157.3
200000 105.9
205000 156.1
210000 60.9
215000 106.5
220000 60.0
225000 145.8
230000 214.6
235000 107.5
240000 58.5
245000 56.0
250000 209.6
255000 156.5
260000 56.1
265000 4.1
270000 63.1
275000 157.3
280000 61.2
285000 104.5
290000 20.0
295000 157.9
300000 58.8
305000 109.7
310000 70.1
315000 54.2
320000 64.2
325000 201.1
330000 204.9
335000 108.7
340000 154.1
345000 156.4
350000 112.4
355000 155.4
360000 60.5
365000 250.5
370000 62.9
375000 57.8
380000 206.9
385000 6.5
390000 109.5
395000 55.8
400000 11.9
405000 138.7
410000 64.5
415000 20.3
420000 109.2
425000 59.1
430000 157.5
435000 109.4
440000 106.5
445000 142.0
450000 59.6
455000 60.0
460000 9.8
465000 152.9
470000 156.8
475000 12.1
480000 109.3
485000 57.4
490000 17.2
495000 157.9
500000 57.3
505000 137.9
510000 110.6
515000 57.1
520000 59.1
525000 44.3
530000 156.2
535000 59.8
540000 161.2
545000 94.1
550000 68.9
555000 60.6
560000 109.1
565000 15.1
570000 66.2
575000 56.8
580000 205.1
585000 217.7
590000 156.9
595000 108.8
600000 252.2
605000 57.5
610000 116.1
615000 10.1
620000 213.0
625000 29.2
630000 114.0
635000 105.7
640000 151.6
645000 132.5
650000 10.0
655000 207.6
660000 114.2
665000 20.3
670000 61.1
675000 105.8
680000 8.9
685000 76.9
690000 213.6
695000 59.4
700000 203.9
705000 189.5
710000 11.7
715000 154.8
720000 61.6
725000 145.0
730000 105.3
735000 63.8
740000 160.0
745000 85.2
750000 108.4
755000 57.4
760000 112.7
765000 104.3
770000 208.7
775000 57.1
780000 60.5
785000 207.2
790000 171.9
795000 156.5
800000 15.8
805000 155.4
810000 60.8
815000 56.6
820000 157.1
825000 154.8
830000 59.4
835000 154.5
840000 111.6
845000 31.4
850000 210.6
855000 59.8
860000 107.1
865000 102.2
870000 62.1
875000 58.0
880000 56.7
885000 104.0
890000 227.3
895000 151.5
900000 106.5
905000 48.4
910000 159.3
915000 31.9
920000 12.8
925000 179.4
930000 65.0
935000 129.0
940000 16.3
945000 58.0
950000 113.6
955000 107.2
960000 104.4
965000 107.2
970000 106.9
975000 205.5
980000 161.4
985000 6.7
990000 116.1
995000 8.3
1000000 152.5
1005000 179.9
1010000 62.4
1015000 201.9
1020000 59.4
1025000 77.9
1030000 257.9
1035000 164.8
1040000 111.5
1045000 101.8
1050000 156.7
1055000 108.3
1060000 207.0
1065000 19.7
1070000 61.9
1075000 58.3
1080000 255.7
1085000 56.0
1090000 257.7
1095000 155.2
1100000 81.0
1105000 4.3
1110000 107.0
1115000 80.7
1120000 206.4
1125000 53.1
1130000 136.5
1135000 60.6
1140000 108.5
1145000 26.2
1150000 12.8
1155000 159.5
1160000 112.6
1165000 58.2
1170000 205.7
1175000 157.5
1180000 57.8
1185000 98.1
1190000 158.1
1195000 109.1
1200000 65.9
1205000 118.4
1210000 105.6
1215000 106.4
1220000 206.3
1225000 153.2
1230000 56.0
1235000 108.2
1240000 131.7
1245000 5.0
1250000 162.0
1255000 109.9
1260000 161.5
1265000 116.5
1270000 159.3
1275000 105.0
1280000 12.1
1285000 136.0
1290000 60.5
1295000 107.0
1300000 62.4
1305000 143.8
1310000 60.5
1315000 107.4
1320000 53.3
1325000 7.3
1330000 155.9
1335000 103.8
1340000 206.5
1345000 215.5
1350000 205.0
1355000 106.3
1360000 10.5
1365000 53.0
1370000 154.2
1375000 106.4
1380000 63.0
1385000 65.9
1390000 109.4
1395000 58.5
1400000 109.9
1405000 143.5
1410000 207.3
1415000 207.7
1420000 109.0
1425000 55.6
1430000 66.1
1435000 156.9
1440000 10.9
1445000 103.1
1450000 62.1
1455000 63.9
1460000 54.7
1465000 130.9
1470000 204.9
1475000 105.8
1480000 60.2
1485000 105.7
1490000 152.0
1495000 203.9
1500000 65.5
1505000 55.6
1510000 110.2
1515000 62.9
1520000 107.3
1525000 38.0
1530000 155.0
1535000 155.8
1540000 109.8
1545000 102.0
1550000 63.0
1555000 107.1
1560000 160.9
1565000 103.4
1570000 114.7
1575000 58.8
1580000 153.4
1585000 102.3
1590000 204.0
1595000 9.0
1600000 58.8
1605000 104.8
1610000 159.5
1615000 105.2
1620000 111.3
1625000 29.2
1630000 127.1
1635000 107.7
1640000 102.9
1645000 103.6
1650000 12.0
1655000 54.1
1660000 250.6
1665000 134.5
1670000 69.5
1675000 154.9
1680000 113.2
1685000 153.0
1690000 63.7
1695000 152.4
1700000 10.5
1705000 55.0
1710000 208.2
1715000 202.2
1720000 157.4
1725000 156.8
1730000 108.9
1735000 294.0
1740000 109.4
1745000 143.0
1750000 116.9
1755000 61.2
1760000 11.9
1765000 102.4
1770000 163.6
1775000 104.9
1780000 156.1
1785000 54.7
1790000 109.9
1795000 111.7
1800000 63.2
1805000 104.5
1810000 114.6
1815000 222.3
1820000 203.5
1825000 6.5
1830000 16.8
1835000 154.6
1840000 211.7
1845000 54.8
1850000 161.6
1855000 108.8
1860000 62.3
1865000 109.3
1870000 15.9
1875000 159.3
1880000 108.1
1885000 146.6
1890000 164.4
1895000 125.8
1900000 60.2
1905000 249.0
1910000 60.1
1915000 163.1
1920000 109.6
1925000 104.3
1930000 59.7
1935000 59.7
1940000 63.5
1945000 104.3
1950000 181.1
1955000 158.0
1960000 156.9
1965000 59.5
1970000 157.7
1975000 158.4
1980000 115.6
1985000 59.6
1990000 116.6
1995000 14.2
2000000 12.4
