5000 38.3
10000 38.1
15000 31.5
20000 60.3
25000 155.6
30000 57.9
35000 106.5
40000 30.0
45000 261.5
50000 17.0
55000 50.5
60000 18.1
65000 111.5
70000 20.5
75000 40.6
80000 10.0
85000 43.7
90000 131.8
95000 119.5
100000 58.9
105000 39.4
110000 153.8
115000 71.9
120000 84.6
125000 81.9
130000 137.4
135000 39.1
140000 55.8
145000 113.6
150000 143.7
155000 185.2
160000 179.7
165000 48.8
170000 153.7
175000 180.2
180000 123.0
185000 150.7
190000 178.0
195000 217.0
200000 219.6
205000 218.5
210000 207.8
215000 166.1
220000 225.9
225000 308.8
230000 398.8
235000 333.5
240000 207.9
245000 300.0
250000 382.6
255000 384.9
260000 312.8
265000 285.9
270000 318.6
275000 317.9
280000 330.2
285000 364.3
290000 252.6
295000 355.8
300000 289.1
305000 366.8
310000 475.8
315000 440.9
320000 534.5
325000 584.0
330000 524.5
335000 567.3
340000 589.4
345000 511.5
350000 656.1
355000 546.6
360000 667.3
365000 537.0
370000 644.4
375000 696.6
380000 697.6
385000 598.2
390000 681.5
395000 465.8
400000 573.3
405000 162.1
410000 48.1
415000 45.5
420000 48.9
425000 63.2
430000 258.7
435000 349.4
440000 356.3
445000 523.1
450000 548.6
455000 571.4
460000 570.4
465000 692.3
470000 663.5
475000 691.7
480000 666.9
485000 510.1
490000 605.5
495000 689.6
500000 586.9
505000 565.7
510000 729.4
515000 623.8
520000 701.3
525000 711.9
530000 745.6
535000 730.5
540000 755.2
545000 717.5
550000 700.7
555000 733.7
560000 722.9
565000 725.2
570000 752.7
575000 741.3
580000 726.3
585000 757.1
590000 751.2
595000 770.1
600000 734.5
605000 742.4
610000 737.5
615000 754.4
620000 802.9
625000 749.8
630000 764.9
635000 752.2
640000 781.6
645000 738.5
650000 728.0
655000 772.4
660000 764.8
665000 761.3
670000 766.2
675000 776.0
680000 762.9
685000 794.5
690000 772.4
695000 790.3
700000 759.3
705000 797.4
710000 781.0
715000 784.3
720000 800.4
725000 822.1
730000 805.5
735000 794.6
740000 797.4
745000 796.5
750000 811.2
755000 803.4
760000 805.7
765000 749.1
770000 837.6
775000 808.8
780000 821.2
785000 843.0
790000 838.1
795000 820.5
800000 801.6
805000 165.0
810000 59.8
815000 49.4
820000 87.6
825000 88.1
830000 124.6
835000 325.1
840000 358.9
845000 691.6
850000 723.2
855000 650.2
860000 745.2
865000 692.4
870000 768.4
875000 727.4
880000 727.1
885000 748.7
890000 735.4
895000 757.3
900000 708.8
905000 723.0
910000 796.7
915000 767.4
920000 784.9
925000 827.9
930000 730.9
935000 781.7
940000 763.8
945000 808.0
950000 779.2
955000 785.6
960000 825.7
965000 783.6
970000 845.3
975000 812.8
980000 826.3
985000 818.3
990000 760.8
995000 784.9
1000000 823.2
1005000 833.3
1010000 841.5
1015000 751.2
1020000 820.3
1025000 844.4
1030000 831.4
1035000 874.8
1040000 865.9
1045000 846.3
1050000 815.8
1055000 829.1
1060000 871.0
1065000 835.8
1070000 828.1
1075000 848.4
1080000 873.8
1085000 851.2
1090000 818.3
1095000 848.4
1100000 845.0
1105000 828.0
1110000 836.8
1115000 782.6
1120000 862.3
1125000 851.6
1130000 857.2
1135000 821.7
1140000 844.7
1145000 809.0
1150000 806.8
1155000 852.3
1160000 828.9
1165000 861.5
1170000 862.9
1175000 856.2
1180000 856.6
1185000 839.7
1190000 867.0
1195000 865.1
1200000 835.4
1205000 172.9
1210000 17.7
1215000 71.0
1220000 248.5
1225000 50.3
1230000 188.0
1235000 340.9
1240000 501.6
1245000 677.7
1250000 691.2
1255000 632.2
1260000 684.9
1265000 728.1
1270000 744.0
1275000 797.0
1280000 791.4
1285000 815.7
1290000 813.2
1295000 831.3
1300000 782.2
1305000 831.7
1310000 815.2
1315000 845.7
1320000 840.6
1325000 737.7
1330000 774.9
1335000 775.5
1340000 838.3
1345000 820.5
1350000 840.1
1355000 841.9
1360000 808.7
1365000 837.8
1370000 849.4
1375000 826.8
1380000 835.9
1385000 868.2
1390000 827.1
1395000 846.2
1400000 844.6
1405000 843.3
1410000 849.7
1415000 855.7
1420000 871.6
1425000 840.2
1430000 878.6
1435000 857.1
1440000 856.0
1445000 850.2
1450000 847.7
1455000 855.7
1460000 846.5
1465000 868.5
1470000 882.4
1475000 869.2
1480000 844.3
1485000 858.6
1490000 868.5
1495000 881.8
1500000 840.2
1505000 857.5
1510000 860.9
1515000 853.1
1520000 850.3
1525000 867.8
1530000 867.9
1535000 867.9
1540000 869.9
1545000 860.8
1550000 867.8
1555000 865.8
1560000 876.2
1565000 873.7
1570000 857.2
1575000 847.4
1580000 899.9
1585000 856.3
1590000 876.7
1595000 854.8
1600000 869.7
1605000 110.9
1610000 29.1
1615000 84.0
1620000 32.9
1625000 73.2
1630000 331.3
1635000 543.5
1640000 510.4
1645000 581.0
1650000 530.4
1655000 772.3
1660000 595.4
1665000 749.5
1670000 777.9
1675000 782.3
1680000 812.5
1685000 822.4
1690000 785.6
1695000 802.4
1700000 817.2
1705000 856.0
1710000 776.3
1715000 831.8
1720000 876.2
1725000 798.7
1730000 777.6
1735000 795.9
1740000 800.8
1745000 856.0
1750000 851.3
1755000 752.2
1760000 807.2
1765000 838.2
1770000 856.9
1775000 868.7
1780000 871.6
1785000 856.3
1790000 864.0
1795000 861.6
1800000 860.1
1805000 861.4
1810000 863.3
1815000 877.1
1820000 864.5
1825000 860.0
1830000 847.9
1835000 878.9
1840000 860.8
1845000 856.5
1850000 873.5
1855000 877.0
1860000 867.2
1865000 892.8
1870000 862.1
1875000 887.9
1880000 873.4
1885000 859.3
1890000 869.7
1895000 860.2
1900000 835.0
1905000 879.4
1910000 875.9
1915000 881.7
1920000 880.8
1925000 853.6
1930000 871.0
1935000 874.0
1940000 885.5
1945000 880.4
1950000 891.5
1955000 860.7
1960000 881.3
1965000 878.3
1970000 860.8
1975000 892.7
1980000 870.4
1985000 848.2
1990000 869.1
1995000 819.7
2000000 838.9
