5000 168.2
10000 209.2
15000 104.7
20000 148.8
25000 61.8
30000 90.2
35000 61.6
40000 155.7
45000 57.8
50000 7.1
55000 60.5
60000 10.5
65000 10.1
70000 35.7
75000 105.4
80000 30.9
85000 60.9
90000 17.8
95000 15.4
100000 26.1
105000 118.4
110000 115.3
115000 157.8
120000 245.3
125000 60.0
130000 112.0
135000 149.1
140000 132.6
145000 107.4
150000 86.9
155000 119.1
160000 73.5
165000 126.1
170000 139.2
175000 118.7
180000 150.3
185000 73.2
190000 133.9
195000 185.9
200000 25.3
205000 192.6
210000 118.4
215000 270.0
220000 332.3
225000 262.6
230000 223.8
235000 199.8
240000 326.4
245000 327.4
250000 345.1
255000 163.5
260000 158.2
265000 214.7
270000 283.4
275000 357.6
280000 389.6
285000 397.1
290000 296.2
295000 409.3
300000 280.8
305000 332.6
310000 296.4
315000 288.1
320000 440.1
325000 294.4
330000 398.9
335000 391.7
340000 337.5
345000 372.5
350000 387.7
355000 339.9
360000 291.7
365000 481.8
370000 297.4
375000 341.9
380000 447.9
385000 346.7
390000 379.2
395000 380.8
400000 386.3
405000 58.7
410000 27.6
415000 22.1
420000 160.0
425000 86.6
430000 124.4
435000 197.8
440000 149.5
445000 228.8
450000 258.6
455000 324.1
460000 250.8
465000 230.9
470000 253.7
475000 460.2
480000 284.0
485000 301.4
490000 414.9
495000 624.6
500000 667.6
505000 385.9
510000 604.8
515000 619.1
520000 634.8
525000 669.6
530000 615.5
535000 630.7
540000 655.6
545000 607.6
550000 628.7
555000 637.7
560000 678.6
565000 663.5
570000 643.6
575000 693.2
580000 627.6
585000 735.0
590000 727.2
595000 710.5
600000 715.2
605000 764.8
610000 750.3
615000 749.2
620000 761.6
625000 757.5
630000 775.5
635000 781.9
640000 737.7
645000 777.3
650000 747.2
655000 782.1
660000 772.8
665000 727.8
670000 794.8
675000 767.5
680000 777.3
685000 787.7
690000 804.5
695000 790.9
700000 805.2
705000 769.5
710000 790.5
715000 771.2
720000 779.6
725000 807.7
730000 777.3
735000 767.7
740000 777.2
745000 809.6
750000 811.7
755000 760.2
760000 755.6
765000 830.0
770000 820.7
775000 802.8
780000 763.6
785000 802.0
790000 791.1
795000 815.8
800000 816.8
805000 158.1
810000 71.1
815000 58.6
820000 102.2
825000 103.0
830000 143.0
835000 368.7
840000 500.0
845000 499.3
850000 639.0
855000 692.5
860000 721.6
865000 714.6
870000 728.6
875000 761.0
880000 720.6
885000 755.8
890000 782.5
895000 598.8
900000 759.8
905000 748.1
910000 763.1
915000 693.1
920000 814.2
925000 787.1
930000 773.5
935000 792.5
940000 798.6
945000 749.5
950000 770.6
955000 822.0
960000 825.9
965000 795.9
970000 808.1
975000 822.3
980000 816.0
985000 815.0
990000 840.1
995000 812.7
1000000 820.5
1005000 817.3
1010000 821.8
1015000 801.8
1020000 784.4
1025000 829.7
1030000 793.4
1035000 820.9
1040000 837.6
1045000 810.1
1050000 809.4
1055000 804.1
1060000 810.7
1065000 829.0
1070000 817.4
1075000 797.8
1080000 811.2
1085000 819.0
1090000 836.2
1095000 804.8
1100000 848.6
1105000 832.7
1110000 812.6
1115000 809.2
1120000 828.8
1125000 786.4
1130000 818.5
1135000 841.1
1140000 817.6
1145000 849.4
1150000 821.8
1155000 824.4
1160000 811.9
1165000 821.5
1170000 800.6
1175000 837.4
1180000 794.6
1185000 844.1
1190000 823.4
1195000 834.9
1200000 822.9
1205000 62.8
1210000 14.7
1215000 30.7
1220000 24.5
1225000 86.5
1230000 59.6
1235000 376.0
1240000 385.4
1245000 428.7
1250000 669.0
1255000 679.9
1260000 679.1
1265000 722.3
1270000 783.3
1275000 753.8
1280000 694.9
1285000 728.0
1290000 784.8
1295000 730.0
1300000 820.8
1305000 774.7
1310000 832.2
1315000 786.5
1320000 481.9
1325000 837.1
1330000 793.6
1335000 707.4
1340000 788.9
1345000 821.6
1350000 802.7
1355000 830.9
1360000 838.4
1365000 838.7
1370000 828.6
1375000 832.6
1380000 830.8
1385000 858.0
1390000 836.4
1395000 860.5
1400000 813.1
1405000 839.4
1410000 774.3
1415000 844.4
1420000 850.7
1425000 797.1
1430000 835.8
1435000 868.4
1440000 871.3
1445000 825.5
1450000 814.9
1455000 876.7
1460000 856.8
1465000 862.7
1470000 828.4
1475000 832.3
1480000 832.1
1485000 834.7
1490000 826.9
1495000 846.6
1500000 821.5
1505000 826.4
1510000 837.1
1515000 860.4
1520000 832.0
1525000 855.9
1530000 857.3
1535000 814.0
1540000 844.0
1545000 873.8
1550000 847.4
1555000 858.6
1560000 822.9
1565000 860.2
1570000 820.3
1575000 860.2
1580000 847.6
1585000 864.6
1590000 863.1
1595000 898.4
1600000 876.4
1605000 163.9
1610000 11.1
1615000 20.4
1620000 19.0
1625000 42.8
1630000 77.1
1635000 212.9
1640000 498.5
1645000 713.9
1650000 521.1
1655000 599.1
1660000 659.4
1665000 796.2
1670000 728.7
1675000 725.3
1680000 728.1
1685000 864.3
1690000 820.4
1695000 702.5
1700000 835.0
1705000 832.7
1710000 834.3
1715000 874.7
1720000 834.3
1725000 852.1
1730000 874.5
1735000 794.5
1740000 836.8
1745000 845.9
1750000 868.0
1755000 826.1
1760000 843.6
1765000 836.3
1770000 836.1
1775000 846.4
1780000 824.1
1785000 882.9
1790000 860.5
1795000 824.9
1800000 866.2
1805000 847.1
1810000 858.2
1815000 847.0
1820000 873.7
1825000 861.4
1830000 863.4
1835000 829.3
1840000 847.1
1845000 881.5
1850000 866.4
1855000 844.7
1860000 887.0
1865000 861.7
1870000 838.2
1875000 870.4
1880000 871.1
1885000 864.2
1890000 855.6
1895000 872.0
1900000 864.3
1905000 864.5
1910000 849.2
1915000 876.1
1920000 874.0
1925000 851.5
1930000 860.8
1935000 863.6
1940000 861.9
1945000 878.7
1950000 889.7
1955000 871.4
1960000 866.4
1965000 866.2
1970000 863.7
1975000 869.5
1980000 896.4
1985000 873.7
1990000 863.6
1995000 883.2
2000000 899.0
