5000 23.4
10000 50.1
15000 297.0
20000 155.3
25000 55.8
30000 106.3
35000 73.2
40000 106.9
45000 158.7
50000 18.4
55000 106.6
60000 215.0
65000 61.0
70000 110.2
75000 17.1
80000 173.5
85000 51.1
90000 169.7
95000 97.8
100000 120.5
105000 88.4
110000 70.1
115000 225.8
120000 114.6
125000 304.9
130000 152.7
135000 362.6
140000 191.6
145000 309.7
150000 386.1
155000 405.0
160000 460.2
165000 414.8
170000 455.0
175000 418.4
180000 511.3
185000 349.5
190000 327.6
195000 262.0
200000 500.6
205000 541.0
210000 478.6
215000 544.3
220000 535.7
225000 535.0
230000 480.6
235000 549.9
240000 549.9
245000 542.8
250000 520.7
255000 545.8
260000 501.2
265000 604.1
270000 541.9
275000 571.5
280000 571.7
285000 580.5
290000 582.0
295000 605.6
300000 551.1
305000 594.8
310000 524.2
315000 592.0
320000 627.5
325000 528.3
330000 617.6
335000 586.0
340000 632.4
345000 627.3
350000 643.1
355000 621.3
360000 641.3
365000 641.3
370000 621.4
375000 653.5
380000 621.1
385000 641.7
390000 647.7
395000 627.4
400000 584.8
405000 148.8
410000 56.2
415000 75.1
420000 41.4
425000 220.7
430000 246.2
435000 385.1
440000 412.0
445000 471.0
450000 556.6
455000 659.3
460000 603.3
465000 632.5
470000 684.6
475000 677.2
480000 697.2
485000 688.9
490000 706.3
495000 647.8
500000 709.8
505000 675.2
510000 658.0
515000 662.2
520000 675.2
525000 704.8
530000 711.2
535000 734.7
540000 674.3
545000 689.0
550000 684.7
555000 723.1
560000 738.4
565000 725.1
570000 705.6
575000 761.2
580000 737.0
585000 719.9
590000 749.7
595000 764.5
600000 731.8
605000 710.0
610000 762.4
615000 708.8
620000 768.2
625000 755.1
630000 756.3
635000 751.0
640000 785.3
645000 777.4
650000 737.3
655000 739.8
660000 790.2
665000 760.0
670000 771.4
675000 749.5
680000 748.1
685000 765.4
690000 761.6
695000 762.8
700000 790.8
705000 705.5
710000 773.7
715000 782.0
720000 775.5
725000 802.0
730000 796.8
735000 796.0
740000 760.2
745000 791.6
750000 805.8
755000 731.9
760000 763.9
765000 797.8
770000 786.5
775000 814.2
780000 805.6
785000 827.5
790000 714.3
795000 794.5
800000 784.0
805000 107.1
810000 62.0
815000 64.0
820000 21.0
825000 54.5
830000 124.7
835000 257.9
840000 426.9
845000 484.0
850000 718.0
855000 709.0
860000 798.0
865000 725.7
870000 705.5
875000 776.3
880000 789.6
885000 782.9
890000 757.7
895000 790.9
900000 809.4
905000 805.8
910000 786.5
915000 782.7
920000 833.6
925000 800.0
930000 812.5
935000 784.1
940000 841.5
945000 831.1
950000 801.8
955000 797.2
960000 818.5
965000 791.3
970000 823.1
975000 774.2
980000 808.9
985000 816.8
990000 848.6
995000 832.6
1000000 843.9
1005000 812.7
1010000 829.7
1015000 844.7
1020000 869.0
1025000 832.4
1030000 857.1
1035000 843.0
1040000 869.8
1045000 872.5
1050000 878.2
1055000 864.6
1060000 870.7
1065000 868.6
1070000 873.5
1075000 878.3
1080000 874.8
1085000 866.7
1090000 869.3
1095000 890.8
1100000 860.8
1105000 867.9
1110000 848.4
1115000 866.3
1120000 882.1
1125000 894.6
1130000 869.2
1135000 883.6
1140000 872.3
1145000 887.4
1150000 872.6
1155000 899.6
1160000 869.5
1165000 888.0
1170000 902.7
1175000 881.9
1180000 879.6
1185000 908.7
1190000 902.5
1195000 892.2
1200000 862.5
1205000 114.3
1210000 29.1
1215000 16.5
1220000 42.5
1225000 53.6
1230000 144.7
1235000 187.0
1240000 496.6
1245000 579.7
1250000 732.3
1255000 699.0
1260000 661.7
1265000 730.6
1270000 782.0
1275000 813.5
1280000 846.3
1285000 853.5
1290000 858.9
1295000 846.9
1300000 862.9
1305000 827.1
1310000 837.8
1315000 883.0
1320000 748.0
1325000 881.2
1330000 900.8
1335000 905.9
1340000 888.3
1345000 858.2
1350000 885.6
1355000 892.1
1360000 899.3
1365000 887.8
1370000 899.3
1375000 872.8
1380000 887.8
1385000 872.9
1390000 911.6
1395000 896.4
1400000 900.7
1405000 900.6
1410000 916.5
1415000 894.9
1420000 913.8
1425000 925.2
1430000 910.9
1435000 913.4
1440000 898.7
1445000 919.7
1450000 919.7
1455000 902.7
1460000 910.6
1465000 901.9
1470000 933.5
1475000 905.6
1480000 921.0
1485000 921.6
1490000 915.8
1495000 909.1
1500000 929.4
1505000 933.6
1510000 899.4
1515000 923.4
1520000 890.5
1525000 929.2
1530000 933.8
1535000 916.4
1540000 948.8
1545000 923.0
1550000 935.3
1555000 915.7
1560000 906.4
1565000 911.2
1570000 914.3
1575000 921.5
1580000 926.7
1585000 902.4
1590000 926.9
1595000 923.0
1600000 905.2
1605000 65.9
1610000 37.1
1615000 58.7
1620000 24.8
1625000 84.9
1630000 232.0
1635000 276.2
1640000 393.4
1645000 548.7
1650000 743.2
1655000 792.7
1660000 756.5
1665000 780.3
1670000 772.6
1675000 817.8
1680000 862.6
1685000 803.2
1690000 838.9
1695000 839.2
1700000 863.5
1705000 878.2
1710000 898.7
1715000 885.6
1720000 883.2
1725000 836.3
1730000 897.1
1735000 900.2
1740000 896.8
1745000 896.3
1750000 884.5
1755000 917.3
1760000 908.7
1765000 918.1
1770000 854.2
1775000 914.2
1780000 842.0
1785000 909.7
1790000 926.4
1795000 940.4
1800000 936.5
1805000 924.9
1810000 913.1
1815000 914.4
1820000 907.8
1825000 911.6
1830000 921.6
1835000 908.8
1840000 910.8
1845000 925.3
1850000 918.3
1855000 919.0
1860000 917.4
1865000 912.0
1870000 924.6
1875000 922.1
1880000 935.2
1885000 922.2
1890000 910.9
1895000 919.5
1900000 930.2
1905000 905.6
1910000 908.3
1915000 902.2
1920000 925.7
1925000 904.6
1930000 905.3
1935000 940.6
1940000 918.9
1945000 919.8
1950000 920.5
1955000 922.8
1960000 922.7
1965000 926.7
1970000 924.4
1975000 920.9
1980000 919.6
1985000 917.9
1990000 933.8
1995000 906.8
2000000 913.5
