5000 40.6
10000 18.9
15000 13.8
20000 101.8
25000 205.9
30000 154.4
35000 58.5
40000 106.0
45000 60.2
50000 111.1
55000 57.8
60000 206.4
65000 84.1
70000 61.6
75000 214.4
80000 70.6
85000 67.5
90000 198.1
95000 151.2
100000 33.7
105000 30.2
110000 20.4
115000 72.4
120000 125.5
125000 133.9
130000 215.3
135000 74.0
140000 47.0
145000 142.4
150000 132.0
155000 35.3
160000 263.2
165000 46.9
170000 183.7
175000 289.4
180000 285.1
185000 305.8
190000 268.8
195000 300.4
200000 514.3
205000 476.4
210000 516.5
215000 537.7
220000 529.4
225000 562.1
230000 589.0
235000 594.6
240000 617.3
245000 599.8
250000 602.7
255000 614.6
260000 624.5
265000 659.5
270000 659.0
275000 647.5
280000 660.9
285000 599.4
290000 676.2
295000 679.8
300000 668.4
305000 613.7
310000 639.0
315000 697.2
320000 699.5
325000 677.1
330000 682.6
335000 691.3
340000 699.2
345000 720.2
350000 739.1
355000 733.6
360000 749.0
365000 763.2
370000 759.3
375000 752.0
380000 767.2
385000 785.1
390000 753.9
395000 782.7
400000 790.4
405000 74.5
410000 39.2
415000 225.3
420000 70.9
425000 98.9
430000 444.6
435000 446.2
440000 480.8
445000 692.8
450000 663.4
455000 745.4
460000 772.1
465000 765.0
470000 783.3
475000 827.8
480000 767.3
485000 762.8
490000 760.8
495000 762.0
500000 787.4
505000 778.0
510000 814.0
515000 763.5
520000 796.6
525000 781.4
530000 775.9
535000 804.3
540000 817.4
545000 777.6
550000 819.0
555000 823.6
560000 806.3
565000 793.0
570000 811.0
575000 824.7
580000 818.7
585000 827.4
590000 816.1
595000 819.5
600000 837.6
605000 855.9
610000 817.6
615000 847.9
620000 801.1
625000 839.9
630000 861.9
635000 837.5
640000 852.6
645000 820.3
650000 860.5
655000 858.8
660000 858.2
665000 842.8
670000 869.8
675000 839.4
680000 879.0
685000 877.9
690000 872.7
695000 849.9
700000 848.5
705000 853.8
710000 851.6
715000 883.0
720000 901.8
725000 891.3
730000 869.0
735000 874.2
740000 864.1
745000 882.5
750000 865.5
755000 870.4
760000 854.0
765000 870.6
770000 864.5
775000 891.7
780000 873.1
785000 867.8
790000 890.2
795000 879.3
800000 865.6
805000 5.0
810000 108.0
815000 33.0
820000 60.9
825000 183.0
830000 225.6
835000 529.7
840000 460.6
845000 689.8
850000 717.7
855000 799.7
860000 799.9
865000 817.1
870000 776.3
875000 826.8
880000 830.0
885000 869.0
890000 860.4
895000 859.1
900000 809.8
905000 867.2
910000 872.5
915000 867.2
920000 739.2
925000 879.6
930000 846.1
935000 898.6
940000 891.6
945000 899.3
950000 902.7
955000 898.0
960000 897.9
965000 907.2
970000 883.2
975000 893.6
980000 878.0
985000 884.1
990000 897.8
995000 868.2
1000000 878.2
1005000 902.1
1010000 868.0
1015000 914.2
1020000 871.8
1025000 891.9
1030000 896.4
1035000 890.1
1040000 896.0
1045000 879.3
1050000 905.1
1055000 893.5
1060000 873.5
1065000 892.5
1070000 898.1
1075000 908.9
1080000 900.1
1085000 917.3
1090000 908.6
1095000 902.6
1100000 921.4
1105000 913.0
1110000 898.5
1115000 921.3
1120000 903.6
1125000 916.8
1130000 914.1
1135000 905.9
1140000 890.4
1145000 890.7
1150000 916.1
1155000 912.6
1160000 898.4
1165000 920.6
1170000 882.1
1175000 878.4
1180000 921.5
1185000 927.7
1190000 914.3
1195000 918.5
1200000 915.8
1205000 107.0
1210000 108.5
1215000 32.4
1220000 57.5
1225000 254.4
1230000 571.4
1235000 552.1
1240000 761.9
1245000 719.1
1250000 732.0
1255000 764.5
1260000 800.3
1265000 700.1
1270000 837.4
1275000 773.4
1280000 864.3
1285000 845.7
1290000 863.5
1295000 883.1
1300000 854.5
1305000 783.4
1310000 895.6
1315000 865.5
1320000 891.4
1325000 870.4
1330000 887.7
1335000 892.9
1340000 856.3
1345000 878.6
1350000 880.6
1355000 903.4
1360000 910.6
1365000 884.5
1370000 896.7
1375000 908.2
1380000 887.8
1385000 904.5
1390000 899.3
1395000 881.3
1400000 902.6
1405000 912.4
1410000 897.0
1415000 906.9
1420000 920.6
1425000 897.7
1430000 898.2
1435000 941.0
1440000 902.8
1445000 907.2
1450000 926.5
1455000 916.5
1460000 914.8
1465000 929.1
1470000 919.9
1475000 936.1
1480000 914.6
1485000 924.6
1490000 935.6
1495000 920.6
1500000 904.7
1505000 922.8
1510000 907.7
1515000 930.1
1520000 911.9
1525000 896.0
1530000 908.2
1535000 923.1
1540000 932.3
1545000 920.7
1550000 923.5
1555000 933.4
1560000 918.0
1565000 923.3
1570000 922.9
1575000 930.0
1580000 941.6
1585000 917.4
1590000 918.6
1595000 926.6
1600000 934.8
1605000 49.3
1610000 33.2
1615000 7.4
1620000 123.6
1625000 13.6
1630000 57.4
1635000 680.2
1640000 459.2
1645000 437.9
1650000 433.4
1655000 735.2
1660000 787.7
1665000 817.9
1670000 818.6
1675000 775.5
1680000 854.2
1685000 854.7
1690000 879.6
1695000 847.5
1700000 790.4
1705000 862.7
1710000 845.3
1715000 904.3
1720000 868.3
1725000 913.5
1730000 905.3
1735000 901.8
1740000 908.4
1745000 914.0
1750000 919.6
1755000 908.1
1760000 905.5
1765000 910.6
1770000 915.2
1775000 925.6
1780000 913.6
1785000 904.7
1790000 931.4
1795000 910.5
1800000 921.0
1805000 936.1
1810000 941.5
1815000 924.3
1820000 932.3
1825000 915.0
1830000 917.9
1835000 928.0
1840000 926.0
1845000 919.4
1850000 926.4
1855000 927.3
1860000 929.9
1865000 914.0
1870000 925.4
1875000 939.3
1880000 930.6
1885000 935.1
1890000 925.3
1895000 930.4
1900000 923.0
1905000 922.7
1910000 939.6
1915000 939.0
1920000 921.7
1925000 936.8
1930000 925.2
1935000 931.0
1940000 936.8
1945000 930.0
1950000 938.0
1955000 918.8
1960000 940.5
1965000 932.5
1970000 917.6
1975000 927.6
1980000 932.5
1985000 943.4
1990000 932.1
1995000 916.7
2000000 924.3
