5000 193.6
10000 24.9
15000 129.4
20000 102.1
25000 104.5
30000 55.3
35000 11.1
40000 106.8
45000 64.3
50000 22.0
55000 109.3
60000 54.2
65000 112.4
70000 57.8
75000 211.7
80000 58.8
85000 207.5
90000 68.7
95000 55.3
100000 115.7
105000 82.2
110000 187.2
115000 130.2
120000 143.6
125000 110.8
130000 93.0
135000 131.1
140000 84.6
145000 136.3
150000 253.3
155000 244.3
160000 238.1
165000 342.8
170000 295.0
175000 289.2
180000 184.9
185000 334.4
190000 275.3
195000 280.8
200000 301.9
205000 233.6
210000 293.3
215000 276.4
220000 204.5
225000 314.4
230000 471.9
235000 440.7
240000 492.6
245000 544.3
250000 553.1
255000 547.7
260000 604.0
265000 561.0
270000 581.8
275000 626.1
280000 654.5
285000 671.8
290000 683.2
295000 730.2
300000 676.7
305000 721.1
310000 766.9
315000 761.1
320000 727.3
325000 775.4
330000 787.8
335000 780.1
340000 706.5
345000 721.6
350000 724.7
355000 771.8
360000 789.7
365000 802.8
370000 822.8
375000 752.5
380000 830.8
385000 814.4
390000 801.4
395000 816.6
400000 888.9
405000 63.7
410000 21.0
415000 93.4
420000 144.2
425000 290.2
430000 115.0
435000 731.5
440000 723.6
445000 644.1
450000 764.9
455000 759.6
460000 800.0
465000 808.7
470000 712.3
475000 858.7
480000 792.4
485000 882.0
490000 845.9
495000 764.0
500000 887.8
505000 819.8
510000 870.0
515000 849.5
520000 901.9
525000 874.1
530000 899.4
535000 879.1
540000 885.7
545000 897.5
550000 923.5
555000 884.0
560000 912.0
565000 910.8
570000 920.1
575000 895.6
580000 912.7
585000 898.2
590000 931.4
595000 907.2
600000 913.1
605000 891.8
610000 920.2
615000 919.7
620000 898.5
625000 912.3
630000 919.1
635000 918.4
640000 920.8
645000 905.8
650000 893.0
655000 892.3
660000 918.7
665000 912.9
670000 914.1
675000 842.4
680000 920.5
685000 928.0
690000 938.9
695000 881.6
700000 919.7
705000 946.7
710000 932.7
715000 912.6
720000 924.9
725000 924.9
730000 925.2
735000 934.2
740000 921.4
745000 917.7
750000 912.5
755000 921.0
760000 932.6
765000 927.6
770000 937.2
775000 943.3
780000 937.3
785000 920.3
790000 936.2
795000 933.6
800000 935.3
805000 110.3
810000 19.7
815000 19.8
820000 144.0
825000 283.5
830000 593.0
835000 712.9
840000 246.8
845000 604.8
850000 709.1
855000 710.8
860000 842.4
865000 736.6
870000 800.1
875000 833.4
880000 822.9
885000 889.5
890000 852.6
895000 892.0
900000 850.9
905000 874.2
910000 892.8
915000 887.4
920000 868.8
925000 886.2
930000 903.1
935000 887.1
940000 849.3
945000 886.0
950000 809.5
955000 896.3
960000 909.3
965000 901.0
970000 908.8
975000 924.5
980000 931.6
985000 930.5
990000 920.8
995000 934.0
1000000 911.4
1005000 938.5
1010000 937.9
1015000 925.2
1020000 933.0
1025000 931.5
1030000 943.7
1035000 923.1
1040000 942.9
1045000 950.8
1050000 929.5
1055000 934.6
1060000 926.3
1065000 925.1
1070000 941.9
1075000 936.5
1080000 941.3
1085000 934.3
1090000 934.9
1095000 932.9
1100000 938.1
1105000 944.3
1110000 923.1
1115000 937.6
1120000 931.8
1125000 950.7
1130000 936.2
1135000 940.6
1140000 940.3
1145000 932.4
1150000 949.5
1155000 951.3
1160000 951.9
1165000 939.7
1170000 942.9
1175000 941.5
1180000 951.0
1185000 940.4
1190000 939.2
1195000 935.6
1200000 942.8
1205000 49.6
1210000 23.9
1215000 34.7
1220000 236.3
1225000 425.1
1230000 331.5
1235000 480.1
1240000 575.0
1245000 637.5
1250000 806.1
1255000 821.7
1260000 834.1
1265000 833.5
1270000 829.3
1275000 851.0
1280000 898.5
1285000 918.8
1290000 892.0
1295000 881.1
1300000 934.4
1305000 922.8
1310000 933.2
1315000 918.1
1320000 918.5
1325000 923.8
1330000 945.0
1335000 924.2
1340000 918.1
1345000 934.2
1350000 938.8
1355000 929.8
1360000 947.6
1365000 937.2
1370000 928.9
1375000 935.0
1380000 942.1
1385000 933.2
1390000 920.6
1395000 946.5
1400000 938.4
1405000 941.8
1410000 945.5
1415000 946.3
1420000 955.5
1425000 933.8
1430000 937.3
1435000 941.0
1440000 951.0
1445000 940.6
1450000 929.6
1455000 946.1
1460000 942.6
1465000 947.3
1470000 947.5
1475000 935.0
1480000 938.8
1485000 939.6
1490000 953.4
1495000 940.2
1500000 948.7
1505000 936.5
1510000 938.1
1515000 952.8
1520000 948.1
1525000 934.3
1530000 944.4
1535000 939.3
1540000 940.3
1545000 926.0
1550000 951.0
1555000 948.3
1560000 929.8
1565000 950.3
1570000 942.5
1575000 948.5
1580000 932.3
1585000 942.7
1590000 942.1
1595000 942.4
1600000 928.7
1605000 28.1
1610000 29.3
1615000 26.8
1620000 166.5
1625000 68.0
1630000 163.3
1635000 463.6
1640000 755.8
1645000 587.7
1650000 554.7
1655000 784.7
1660000 823.8
1665000 897.9
1670000 761.2
1675000 869.6
1680000 899.7
1685000 919.7
1690000 922.7
1695000 939.4
1700000 920.5
1705000 844.0
1710000 941.7
1715000 915.5
1720000 909.6
1725000 924.6
1730000 932.4
1735000 928.4
1740000 912.5
1745000 936.5
1750000 936.6
1755000 939.5
1760000 924.1
1765000 927.8
1770000 942.6
1775000 940.6
1780000 937.5
1785000 950.6
1790000 941.8
1795000 932.2
1800000 930.6
1805000 947.0
1810000 941.2
1815000 949.6
1820000 949.5
1825000 935.3
1830000 948.3
1835000 945.0
1840000 921.6
1845000 927.6
1850000 947.7
1855000 933.3
1860000 945.8
1865000 948.9
1870000 949.1
1875000 949.4
1880000 941.3
1885000 941.3
1890000 949.6
1895000 936.8
1900000 878.3
1905000 950.7
1910000 941.3
1915000 952.9
1920000 941.0
1925000 947.0
1930000 953.3
1935000 948.7
1940000 948.6
1945000 939.2
1950000 952.7
1955000 878.6
1960000 945.1
1965000 884.0
1970000 959.1
1975000 949.6
1980000 943.8
1985000 935.7
1990000 882.8
1995000 950.3
2000000 956.9
