5000 78.7
10000 111.2
15000 103.7
20000 8.5
25000 105.3
30000 8.9
35000 66.1
40000 59.5
45000 156.0
50000 58.9
55000 174.6
60000 25.2
65000 131.6
70000 59.7
75000 204.7
80000 11.5
85000 160.6
90000 44.2
95000 11.0
100000 128.5
105000 16.3
110000 119.9
115000 126.7
120000 85.4
125000 75.6
130000 48.8
135000 30.1
140000 158.3
145000 151.9
150000 235.9
155000 19.1
160000 176.3
165000 218.5
170000 82.2
175000 50.6
180000 30.9
185000 17.3
190000 117.5
195000 126.8
200000 213.5
205000 40.3
210000 98.7
215000 251.6
220000 204.7
225000 351.7
230000 158.5
235000 166.1
240000 173.4
245000 133.8
250000 86.6
255000 115.5
260000 159.8
265000 138.8
270000 167.7
275000 218.5
280000 164.3
285000 268.1
290000 286.4
295000 453.2
300000 399.1
305000 391.5
310000 431.7
315000 443.3
320000 476.7
325000 432.2
330000 446.7
335000 468.4
340000 461.0
345000 430.8
350000 295.5
355000 470.2
360000 496.6
365000 463.5
370000 419.5
375000 442.8
380000 465.4
385000 439.9
390000 444.3
395000 517.2
400000 467.5
405000 212.5
410000 161.5
415000 212.2
420000 221.6
425000 104.8
430000 269.8
435000 110.9
440000 171.8
445000 239.6
450000 433.2
455000 375.9
460000 264.7
465000 407.4
470000 445.4
475000 447.4
480000 457.7
485000 478.6
490000 503.5
495000 460.0
500000 525.0
505000 468.8
510000 524.7
515000 524.4
520000 459.1
525000 504.8
530000 485.5
535000 426.2
540000 528.0
545000 508.5
550000 475.3
555000 527.0
560000 514.1
565000 519.1
570000 508.2
575000 520.7
580000 522.2
585000 527.7
590000 536.9
595000 535.1
600000 567.1
605000 580.8
610000 520.8
615000 581.7
620000 598.0
625000 564.3
630000 559.8
635000 571.6
640000 563.2
645000 576.4
650000 593.5
655000 581.2
660000 599.8
665000 473.6
670000 507.3
675000 600.1
680000 582.3
685000 579.2
690000 629.9
695000 572.1
700000 557.3
705000 589.6
710000 600.6
715000 621.0
720000 571.0
725000 571.9
730000 610.8
735000 627.3
740000 563.6
745000 639.7
750000 592.1
755000 621.5
760000 611.1
765000 627.7
770000 634.8
775000 645.3
780000 611.2
785000 648.0
790000 608.6
795000 600.9
800000 610.3
805000 107.8
810000 13.1
815000 58.5
820000 43.3
825000 57.7
830000 130.6
835000 302.0
840000 271.9
845000 354.3
850000 514.0
855000 442.8
860000 421.3
865000 574.4
870000 554.8
875000 624.0
880000 634.7
885000 630.7
890000 673.7
895000 674.8
900000 499.7
905000 629.2
910000 673.9
915000 672.0
920000 665.5
925000 667.9
930000 659.0
935000 651.5
940000 678.8
945000 660.4
950000 693.3
955000 636.7
960000 712.6
965000 672.8
970000 586.0
975000 692.0
980000 686.4
985000 693.5
990000 692.1
995000 697.2
1000000 699.3
1005000 725.0
1010000 617.5
1015000 679.4
1020000 683.5
1025000 696.2
1030000 617.1
1035000 695.3
1040000 675.6
1045000 697.7
1050000 673.1
1055000 714.1
1060000 711.4
1065000 678.4
1070000 712.0
1075000 709.6
1080000 691.6
1085000 660.1
1090000 695.3
1095000 678.9
1100000 669.3
1105000 673.1
1110000 680.4
1115000 679.0
1120000 705.2
1125000 677.6
1130000 719.8
1135000 698.9
1140000 725.2
1145000 696.9
1150000 724.0
1155000 693.6
1160000 698.8
1165000 709.2
1170000 742.5
1175000 683.2
1180000 745.9
1185000 702.5
1190000 698.1
1195000 691.7
1200000 727.3
1205000 106.4
1210000 69.1
1215000 188.4
1220000 42.6
1225000 128.5
1230000 125.1
1235000 593.6
1240000 442.0
1245000 377.1
1250000 549.7
1255000 576.6
1260000 605.2
1265000 653.0
1270000 675.5
1275000 654.0
1280000 694.1
1285000 657.1
1290000 731.1
1295000 691.0
1300000 723.5
1305000 716.9
1310000 719.3
1315000 772.3
1320000 750.1
1325000 732.5
1330000 694.1
1335000 729.4
1340000 717.0
1345000 765.6
1350000 684.1
1355000 740.2
1360000 769.8
1365000 691.0
1370000 761.5
1375000 774.0
1380000 788.8
1385000 749.7
1390000 780.4
1395000 752.2
1400000 773.7
1405000 765.6
1410000 745.2
1415000 783.2
1420000 792.4
1425000 769.5
1430000 776.1
1435000 804.4
1440000 790.0
1445000 776.3
1450000 766.8
1455000 774.1
1460000 800.7
1465000 792.7
1470000 808.4
1475000 778.2
1480000 807.0
1485000 776.7
1490000 791.6
1495000 790.1
1500000 830.2
1505000 808.1
1510000 788.1
1515000 813.2
1520000 784.6
1525000 791.7
1530000 802.4
1535000 805.5
1540000 822.1
1545000 797.1
1550000 817.9
1555000 813.2
1560000 782.5
1565000 816.1
1570000 792.0
1575000 822.8
1580000 826.1
1585000 776.5
1590000 821.4
1595000 812.1
1600000 794.2
1605000 31.9
1610000 22.9
1615000 28.5
1620000 106.5
1625000 39.5
1630000 47.7
1635000 108.4
1640000 66.1
1645000 461.6
1650000 633.5
1655000 688.4
1660000 647.2
1665000 793.5
1670000 616.8
1675000 797.2
1680000 758.4
1685000 726.0
1690000 747.6
1695000 762.5
1700000 809.4
1705000 728.4
1710000 783.0
1715000 741.6
1720000 760.9
1725000 751.4
1730000 791.3
1735000 797.0
1740000 802.5
1745000 805.9
1750000 813.6
1755000 819.7
1760000 779.4
1765000 838.7
1770000 814.5
1775000 832.1
1780000 812.4
1785000 818.8
1790000 824.4
1795000 780.9
1800000 832.8
1805000 833.9
1810000 815.9
1815000 795.5
1820000 794.2
1825000 832.5
1830000 857.8
1835000 852.5
1840000 830.8
1845000 799.6
1850000 804.1
1855000 843.9
1860000 834.1
1865000 825.9
1870000 779.8
1875000 781.9
1880000 827.9
1885000 844.3
1890000 834.9
1895000 835.1
1900000 823.6
1905000 846.7
1910000 806.2
1915000 857.8
1920000 833.0
1925000 866.4
1930000 834.1
1935000 870.3
1940000 825.0
1945000 858.9
1950000 850.4
1955000 824.5
1960000 856.2
1965000 841.7
1970000 855.3
1975000 824.8
1980000 852.9
1985000 839.1
1990000 803.0
1995000 863.5
2000000 801.1
