5000 19.5
10000 19.8
15000 146.6
20000 56.7
25000 245.2
30000 196.8
35000 211.0
40000 208.8
45000 58.7
50000 189.9
55000 63.1
60000 37.3
65000 66.6
70000 43.4
75000 41.8
80000 112.7
85000 18.2
90000 31.5
95000 116.2
100000 66.5
105000 174.6
110000 31.4
115000 19.1
120000 187.8
125000 85.3
130000 120.3
135000 52.6
140000 40.0
145000 23.1
150000 155.7
155000 140.2
160000 227.3
165000 224.6
170000 197.1
175000 67.0
180000 281.6
185000 215.5
190000 255.8
195000 308.8
200000 297.1
205000 298.6
210000 291.6
215000 249.6
220000 357.0
225000 396.2
230000 253.1
235000 261.9
240000 379.0
245000 247.8
250000 232.7
255000 305.7
260000 346.9
265000 414.4
270000 337.5
275000 309.5
280000 285.6
285000 316.6
290000 291.0
295000 286.6
300000 366.9
305000 536.3
310000 299.7
315000 370.7
320000 502.7
325000 511.5
330000 396.7
335000 381.7
340000 495.4
345000 537.5
350000 405.1
355000 475.8
360000 394.5
365000 523.0
370000 536.8
375000 655.0
380000 482.8
385000 573.9
390000 619.5
395000 639.4
400000 622.7
405000 40.4
410000 26.5
415000 19.0
420000 27.7
425000 72.7
430000 331.8
435000 207.2
440000 444.2
445000 517.3
450000 398.4
455000 492.1
460000 573.9
465000 557.4
470000 573.6
475000 552.3
480000 579.3
485000 564.1
490000 562.1
495000 705.8
500000 644.9
505000 627.2
510000 703.5
515000 642.1
520000 597.2
525000 645.5
530000 600.5
535000 666.7
540000 595.9
545000 600.7
550000 640.7
555000 698.8
560000 578.5
565000 572.5
570000 664.5
575000 616.6
580000 662.6
585000 721.3
590000 681.1
595000 716.9
600000 705.3
605000 721.8
610000 655.9
615000 723.1
620000 717.9
625000 635.3
630000 735.9
635000 755.1
640000 666.4
645000 683.0
650000 741.0
655000 717.5
660000 778.4
665000 743.2
670000 723.5
675000 741.8
680000 761.1
685000 762.6
690000 726.7
695000 768.5
700000 744.4
705000 708.2
710000 765.5
715000 780.7
720000 764.5
725000 758.1
730000 786.0
735000 735.4
740000 763.5
745000 788.0
750000 703.5
755000 828.3
760000 670.6
765000 693.2
770000 757.7
775000 829.5
780000 811.3
785000 778.1
790000 793.5
795000 807.4
800000 731.4
805000 107.4
810000 75.3
815000 41.2
820000 33.2
825000 69.6
830000 84.8
835000 111.7
840000 315.9
845000 332.4
850000 457.3
855000 576.2
860000 681.7
865000 683.1
870000 761.6
875000 756.6
880000 656.6
885000 614.3
890000 720.8
895000 665.3
900000 761.0
905000 784.8
910000 777.2
915000 720.7
920000 825.1
925000 762.7
930000 794.4
935000 770.7
940000 790.3
945000 753.7
950000 746.6
955000 770.0
960000 806.3
965000 815.1
970000 795.4
975000 813.5
980000 785.5
985000 786.0
990000 803.1
995000 787.1
1000000 819.5
1005000 805.2
1010000 809.6
1015000 767.0
1020000 826.3
1025000 782.5
1030000 813.7
1035000 799.5
1040000 812.0
1045000 840.7
1050000 804.5
1055000 823.5
1060000 819.6
1065000 819.3
1070000 805.4
1075000 828.9
1080000 799.8
1085000 766.6
1090000 807.4
1095000 828.5
1100000 812.5
1105000 826.5
1110000 819.2
1115000 800.1
1120000 827.9
1125000 830.3
1130000 808.7
1135000 806.9
1140000 818.8
1145000 821.5
1150000 772.8
1155000 814.0
1160000 831.5
1165000 826.2
1170000 812.2
1175000 794.8
1180000 828.1
1185000 798.6
1190000 830.2
1195000 809.8
1200000 835.0
1205000 110.8
1210000 39.8
1215000 27.8
1220000 36.1
1225000 40.7
1230000 339.6
1235000 260.9
1240000 207.5
1245000 633.9
1250000 438.9
1255000 524.1
1260000 575.5
1265000 846.4
1270000 794.4
1275000 813.9
1280000 830.7
1285000 807.2
1290000 821.1
1295000 792.9
1300000 811.9
1305000 826.7
1310000 819.1
1315000 802.1
1320000 791.3
1325000 831.4
1330000 781.9
1335000 803.7
1340000 811.4
1345000 823.8
1350000 774.3
1355000 840.3
1360000 789.4
1365000 807.2
1370000 861.9
1375000 805.1
1380000 816.0
1385000 796.5
1390000 813.8
1395000 825.5
1400000 819.3
1405000 820.7
1410000 849.7
1415000 843.1
1420000 854.9
1425000 837.7
1430000 834.6
1435000 844.8
1440000 851.0
1445000 867.3
1450000 859.9
1455000 844.2
1460000 861.6
1465000 872.6
1470000 843.5
1475000 853.1
1480000 853.2
1485000 832.4
1490000 842.1
1495000 862.5
1500000 845.1
1505000 833.2
1510000 836.3
1515000 872.5
1520000 868.7
1525000 857.9
1530000 848.7
1535000 864.2
1540000 861.5
1545000 875.3
1550000 851.3
1555000 855.3
1560000 849.5
1565000 861.7
1570000 867.7
1575000 856.0
1580000 858.9
1585000 854.8
1590000 842.3
1595000 859.7
1600000 859.2
1605000 74.7
1610000 18.2
1615000 214.7
1620000 34.2
1625000 31.4
1630000 37.0
1635000 81.5
1640000 523.6
1645000 456.1
1650000 642.9
1655000 707.6
1660000 769.5
1665000 771.5
1670000 788.0
1675000 757.5
1680000 780.9
1685000 791.1
1690000 774.8
1695000 821.9
1700000 838.0
1705000 840.9
1710000 815.5
1715000 826.3
1720000 842.6
1725000 819.2
1730000 827.7
1735000 810.4
1740000 811.2
1745000 838.0
1750000 847.8
1755000 805.9
1760000 813.5
1765000 848.2
1770000 814.6
1775000 850.2
1780000 854.3
1785000 857.7
1790000 847.4
1795000 856.1
1800000 829.2
1805000 840.6
1810000 844.7
1815000 853.3
1820000 821.2
1825000 835.9
1830000 853.8
1835000 832.0
1840000 870.7
1845000 816.3
1850000 858.2
1855000 843.9
1860000 846.6
1865000 876.9
1870000 860.2
1875000 824.6
1880000 878.5
1885000 844.5
1890000 871.2
1895000 852.7
1900000 887.1
1905000 835.2
1910000 867.5
1915000 858.3
1920000 866.1
1925000 877.9
1930000 880.3
1935000 860.9
1940000 870.6
1945000 841.4
1950000 885.0
1955000 872.6
1960000 855.7
1965000 859.6
1970000 884.4
1975000 874.1
1980000 862.6
1985000 861.9
1990000 887.8
1995000 834.0
2000000 851.4
