5000 127.8
10000 148.2
15000 158.3
20000 111.3
25000 104.2
30000 204.8
35000 106.7
40000 107.3
45000 205.7
50000 108.3
55000 118.6
60000 16.9
65000 73.5
70000 143.7
75000 14.5
80000 113.7
85000 61.3
90000 85.3
95000 199.6
100000 38.8
105000 89.9
110000 51.4
115000 49.7
120000 136.7
125000 74.5
130000 65.2
135000 68.0
140000 53.1
145000 188.3
150000 37.2
155000 89.4
160000 69.4
165000 70.6
170000 71.6
175000 127.4
180000 113.8
185000 160.6
190000 43.7
195000 229.5
200000 270.5
205000 266.2
210000 290.2
215000 226.2
220000 255.7
225000 291.2
230000 284.1
235000 290.6
240000 276.1
245000 339.6
250000 304.5
255000 307.7
260000 346.5
265000 391.6
270000 404.9
275000 322.8
280000 404.5
285000 452.5
290000 439.7
295000 436.9
300000 434.4
305000 465.4
310000 457.2
315000 484.9
320000 474.5
325000 480.0
330000 485.1
335000 491.3
340000 465.6
345000 500.4
350000 468.0
355000 482.6
360000 476.0
365000 529.9
370000 494.6
375000 456.3
380000 512.4
385000 549.3
390000 494.3
395000 568.1
400000 530.0
405000 54.8
410000 120.1
415000 126.7
420000 73.1
425000 68.0
430000 232.6
435000 271.2
440000 298.4
445000 426.4
450000 461.2
455000 415.6
460000 422.6
465000 455.4
470000 505.9
475000 497.7
480000 523.4
485000 484.5
490000 536.3
495000 515.9
500000 583.1
505000 584.9
510000 571.9
515000 621.1
520000 610.5
525000 636.2
530000 598.3
535000 646.5
540000 667.3
545000 670.5
550000 680.4
555000 669.3
560000 682.8
565000 681.4
570000 617.7
575000 648.6
580000 693.4
585000 660.1
590000 644.8
595000 641.7
600000 664.9
605000 716.4
610000 686.8
615000 691.5
620000 722.1
625000 679.6
630000 715.6
635000 719.2
640000 669.2
645000 726.3
650000 622.5
655000 706.8
660000 734.8
665000 704.8
670000 691.5
675000 694.7
680000 665.1
685000 730.4
690000 731.0
695000 725.7
700000 713.5
705000 729.9
710000 740.9
715000 732.1
720000 733.3
725000 770.0
730000 742.5
735000 738.0
740000 761.6
745000 756.9
750000 789.3
755000 778.5
760000 767.6
765000 764.3
770000 767.5
775000 757.4
780000 756.8
785000 760.6
790000 798.3
795000 768.3
800000 767.6
805000 108.4
810000 194.8
815000 279.8
820000 252.2
825000 38.8
830000 142.4
835000 283.2
840000 673.7
845000 623.2
850000 700.4
855000 646.8
860000 641.0
865000 674.5
870000 743.6
875000 705.7
880000 736.5
885000 666.2
890000 719.4
895000 666.3
900000 695.3
905000 634.3
910000 637.7
915000 727.8
920000 756.7
925000 771.7
930000 775.8
935000 790.2
940000 740.4
945000 779.0
950000 768.2
955000 780.0
960000 757.8
965000 762.6
970000 774.2
975000 787.9
980000 803.3
985000 800.5
990000 764.2
995000 788.0
1000000 795.5
1005000 803.1
1010000 767.6
1015000 784.4
1020000 792.8
1025000 813.8
1030000 795.7
1035000 799.7
1040000 797.1
1045000 811.5
1050000 826.8
1055000 802.1
1060000 756.8
1065000 819.7
1070000 812.6
1075000 783.7
1080000 818.4
1085000 818.9
1090000 780.9
1095000 768.2
1100000 797.4
1105000 842.8
1110000 831.4
1115000 785.0
1120000 827.9
1125000 812.6
1130000 846.2
1135000 804.8
1140000 815.3
1145000 830.6
1150000 814.4
1155000 832.6
1160000 826.0
1165000 808.1
1170000 840.2
1175000 828.9
1180000 793.9
1185000 837.5
1190000 824.4
1195000 797.4
1200000 802.4
1205000 3.5
1210000 56.0
1215000 111.5
1220000 163.7
1225000 177.5
1230000 124.7
1235000 567.3
1240000 578.4
1245000 679.7
1250000 472.7
1255000 579.7
1260000 717.9
1265000 727.3
1270000 763.3
1275000 768.1
1280000 715.9
1285000 779.6
1290000 766.3
1295000 801.8
1300000 749.9
1305000 774.5
1310000 796.5
1315000 798.1
1320000 790.9
1325000 799.3
1330000 809.7
1335000 840.2
1340000 802.4
1345000 791.1
1350000 819.6
1355000 791.6
1360000 810.0
1365000 849.7
1370000 848.3
1375000 839.8
1380000 812.6
1385000 819.8
1390000 807.4
1395000 833.4
1400000 786.3
1405000 823.7
1410000 805.0
1415000 830.1
1420000 844.7
1425000 867.3
1430000 821.5
1435000 832.7
1440000 830.8
1445000 839.0
1450000 841.1
1455000 829.1
1460000 824.2
1465000 827.0
1470000 833.4
1475000 832.7
1480000 848.9
1485000 856.7
1490000 844.4
1495000 846.9
1500000 850.1
1505000 865.7
1510000 852.3
1515000 842.3
1520000 867.4
1525000 852.8
1530000 846.0
1535000 841.0
1540000 858.7
1545000 850.6
1550000 844.0
1555000 834.2
1560000 848.3
1565000 851.9
1570000 853.3
1575000 840.4
1580000 858.4
1585000 860.0
1590000 859.5
1595000 841.1
1600000 843.6
1605000 105.6
1610000 150.6
1615000 23.5
1620000 277.1
1625000 36.0
1630000 41.1
1635000 299.3
1640000 311.7
1645000 586.2
1650000 373.6
1655000 628.7
1660000 366.7
1665000 737.8
1670000 744.9
1675000 647.7
1680000 769.0
1685000 705.1
1690000 754.9
1695000 764.2
1700000 771.8
1705000 819.9
1710000 837.3
1715000 779.8
1720000 835.5
1725000 818.1
1730000 831.8
1735000 820.8
1740000 842.8
1745000 854.7
1750000 864.7
1755000 862.2
1760000 850.9
1765000 857.8
1770000 858.2
1775000 831.4
1780000 868.2
1785000 846.0
1790000 847.9
1795000 851.0
1800000 879.2
1805000 861.9
1810000 867.8
1815000 870.8
1820000 858.5
1825000 866.7
1830000 882.9
1835000 862.1
1840000 859.2
1845000 862.0
1850000 879.3
1855000 819.7
1860000 845.1
1865000 859.1
1870000 879.1
1875000 856.8
1880000 855.4
1885000 861.3
1890000 869.4
1895000 876.4
1900000 861.4
1905000 867.7
1910000 881.5
1915000 875.2
1920000 865.8
1925000 874.1
1930000 886.6
1935000 859.1
1940000 859.0
1945000 879.4
1950000 878.5
1955000 889.2
1960000 901.4
1965000 867.3
1970000 892.8
1975000 869.2
1980000 871.3
1985000 876.5
1990000 856.9
1995000 869.8
2000000 865.7
