5000 156.7
10000 155.8
15000 52.7
20000 56.5
25000 153.6
30000 59.0
35000 57.2
40000 15.0
45000 154.8
50000 13.6
55000 156.9
60000 161.6
65000 110.9
70000 158.8
75000 73.3
80000 106.4
85000 77.4
90000 76.2
95000 65.3
100000 81.5
105000 71.7
110000 62.5
115000 76.2
120000 87.3
125000 68.7
130000 155.6
135000 191.3
140000 110.2
145000 45.0
150000 144.9
155000 282.1
160000 206.1
165000 298.8
170000 207.2
175000 200.6
180000 201.8
185000 161.3
190000 159.0
195000 158.8
200000 242.6
205000 135.9
210000 139.6
215000 192.2
220000 133.0
225000 119.8
230000 129.5
235000 285.0
240000 164.9
245000 171.5
250000 225.9
255000 279.8
260000 225.6
265000 177.3
270000 175.8
275000 208.7
280000 329.1
285000 168.4
290000 205.4
295000 200.0
300000 436.5
305000 232.5
310000 238.7
315000 296.7
320000 199.4
325000 176.4
330000 350.1
335000 197.5
340000 252.1
345000 324.2
350000 141.5
355000 192.7
360000 193.1
365000 464.6
370000 337.5
375000 224.6
380000 312.6
385000 243.3
390000 322.7
395000 191.3
400000 123.9
405000 59.7
410000 72.7
415000 140.5
420000 110.1
425000 130.3
430000 57.1
435000 82.7
440000 176.7
445000 198.6
450000 116.8
455000 104.9
460000 157.5
465000 152.4
470000 150.3
475000 168.6
480000 207.4
485000 115.5
490000 118.4
495000 389.2
500000 135.2
505000 192.3
510000 118.8
515000 100.5
520000 233.4
525000 346.8
530000 173.7
535000 169.3
540000 176.6
545000 173.8
550000 197.4
555000 190.5
560000 223.0
565000 352.4
570000 163.6
575000 180.8
580000 305.4
585000 317.2
590000 254.1
595000 266.7
600000 236.8
605000 215.3
610000 320.5
615000 304.9
620000 324.8
625000 421.1
630000 438.1
635000 190.9
640000 201.3
645000 259.0
650000 311.7
655000 505.3
660000 210.9
665000 453.3
670000 444.3
675000 254.5
680000 213.8
685000 453.5
690000 318.4
695000 192.4
700000 342.7
705000 282.0
710000 474.9
715000 298.5
720000 384.5
725000 448.2
730000 341.0
735000 254.3
740000 370.4
745000 453.1
750000 508.0
755000 320.0
760000 401.2
765000 384.0
770000 422.7
775000 277.1
780000 318.5
785000 472.8
790000 178.6
795000 440.8
800000 488.0
805000 155.1
810000 9.6
815000 39.2
820000 59.5
825000 34.2
830000 228.4
835000 290.3
840000 194.2
845000 207.3
850000 199.4
855000 209.4
860000 252.7
865000 165.0
870000 229.9
875000 218.4
880000 358.3
885000 247.1
890000 198.2
895000 281.9
900000 312.5
905000 258.8
910000 429.5
915000 411.1
920000 438.5
925000 348.4
930000 310.4
935000 315.5
940000 332.3
945000 312.3
950000 355.6
955000 380.6
960000 297.9
965000 453.1
970000 346.8
975000 331.0
980000 351.9
985000 412.2
990000 581.1
995000 433.5
1000000 369.9
1005000 499.7
1010000 714.6
1015000 537.9
1020000 727.4
1025000 435.1
1030000 581.0
1035000 517.1
1040000 532.8
1045000 685.2
1050000 679.0
1055000 695.5
1060000 731.1
1065000 733.4
1070000 724.4
1075000 283.0
1080000 535.9
1085000 482.5
1090000 768.4
1095000 799.5
1100000 490.2
1105000 506.3
1110000 627.3
1115000 415.1
1120000 822.8
1125000 797.6
1130000 683.4
1135000 403.8
1140000 607.8
1145000 809.0
1150000 794.7
1155000 502.0
1160000 461.2
1165000 803.6
1170000 824.7
1175000 821.8
1180000 832.8
1185000 782.7
1190000 819.6
1195000 805.3
1200000 835.1
1205000 59.6
1210000 36.0
1215000 72.3
1220000 32.2
1225000 86.7
1230000 35.2
1235000 126.7
1240000 391.2
1245000 525.6
1250000 570.5
1255000 494.4
1260000 254.5
1265000 555.4
1270000 739.2
1275000 724.7
1280000 796.4
1285000 786.1
1290000 716.7
1295000 711.2
1300000 810.6
1305000 756.7
1310000 751.9
1315000 729.9
1320000 728.8
1325000 826.7
1330000 777.8
1335000 795.3
1340000 811.1
1345000 816.0
1350000 817.0
1355000 819.2
1360000 799.7
1365000 825.3
1370000 832.8
1375000 828.8
1380000 835.4
1385000 830.9
1390000 811.3
1395000 793.2
1400000 807.5
1405000 818.4
1410000 808.2
1415000 808.5
1420000 793.9
1425000 813.7
1430000 862.5
1435000 789.7
1440000 771.4
1445000 809.1
1450000 837.2
1455000 847.6
1460000 857.9
1465000 822.2
1470000 807.8
1475000 826.9
1480000 831.5
1485000 821.5
1490000 835.9
1495000 832.4
1500000 819.9
1505000 781.4
1510000 806.1
1515000 675.1
1520000 779.5
1525000 455.2
1530000 435.1
1535000 797.6
1540000 861.2
1545000 831.6
1550000 811.1
1555000 833.5
1560000 834.9
1565000 838.6
1570000 815.2
1575000 861.8
1580000 855.3
1585000 833.4
1590000 841.8
1595000 819.3
1600000 833.8
1605000 13.6
1610000 77.9
1615000 53.0
1620000 24.8
1625000 29.8
1630000 72.2
1635000 262.9
1640000 217.7
1645000 479.7
1650000 350.0
1655000 538.9
1660000 618.7
1665000 703.0
1670000 769.0
1675000 714.1
1680000 711.3
1685000 709.9
1690000 686.4
1695000 775.0
1700000 738.8
1705000 714.1
1710000 729.4
1715000 718.7
1720000 766.9
1725000 759.5
1730000 797.5
1735000 811.7
1740000 729.0
1745000 784.1
1750000 820.6
1755000 792.3
1760000 798.9
1765000 817.0
1770000 803.0
1775000 787.5
1780000 683.3
1785000 818.4
1790000 842.5
1795000 849.4
1800000 853.4
1805000 846.0
1810000 817.0
1815000 843.5
1820000 865.2
1825000 852.5
1830000 845.8
1835000 836.9
1840000 855.6
1845000 867.5
1850000 843.6
1855000 858.6
1860000 870.1
1865000 837.1
1870000 870.6
1875000 729.9
1880000 797.9
1885000 850.3
1890000 862.4
1895000 791.9
1900000 852.8
1905000 876.2
1910000 847.8
1915000 867.2
1920000 839.4
1925000 861.6
1930000 871.9
1935000 889.2
1940000 894.1
1945000 867.7
1950000 863.9
1955000 846.5
1960000 870.9
1965000 854.4
1970000 860.0
1975000 880.6
1980000 880.9
1985000 862.1
1990000 813.1
1995000 841.2
2000000 861.6
