5000 20.9
10000 67.0
15000 132.9
20000 153.0
25000 75.7
30000 104.3
35000 205.0
40000 73.7
45000 94.7
50000 106.6
55000 206.7
60000 163.1
65000 110.3
70000 59.7
75000 114.8
80000 117.4
85000 65.8
90000 216.5
95000 8.5
100000 110.8
105000 27.6
110000 141.6
115000 164.7
120000 60.3
125000 21.5
130000 118.0
135000 144.8
140000 21.1
145000 141.1
150000 60.5
155000 212.4
160000 60.8
165000 75.0
170000 90.8
175000 59.5
180000 37.7
185000 57.9
190000 135.3
195000 20.6
200000 44.2
205000 51.5
210000 284.7
215000 94.5
220000 164.7
225000 169.5
230000 76.1
235000 203.8
240000 200.8
245000 249.7
250000 396.1
255000 327.2
260000 337.8
265000 433.7
270000 474.7
275000 452.6
280000 483.5
285000 448.2
290000 376.9
295000 343.1
300000 426.2
305000 348.8
310000 459.3
315000 464.6
320000 310.7
325000 354.4
330000 468.4
335000 500.9
340000 534.9
345000 510.1
350000 515.1
355000 533.7
360000 567.4
365000 553.9
370000 560.3
375000 553.7
380000 433.6
385000 542.0
390000 561.4
395000 517.4
400000 640.3
405000 79.3
410000 66.5
415000 79.7
420000 136.6
425000 212.6
430000 265.2
435000 210.1
440000 405.7
445000 238.2
450000 346.4
455000 356.9
460000 386.6
465000 572.8
470000 496.5
475000 483.3
480000 519.0
485000 639.9
490000 518.5
495000 616.4
500000 612.8
505000 605.5
510000 633.4
515000 644.7
520000 607.4
525000 666.0
530000 604.9
535000 618.8
540000 658.3
545000 664.2
550000 567.1
555000 658.2
560000 670.6
565000 575.0
570000 639.4
575000 677.0
580000 593.5
585000 651.8
590000 699.1
595000 696.0
600000 674.2
605000 674.4
610000 648.1
615000 704.5
620000 639.8
625000 702.3
630000 698.7
635000 633.1
640000 695.0
645000 683.0
650000 668.2
655000 684.7
660000 652.9
665000 669.5
670000 709.8
675000 731.6
680000 662.9
685000 700.6
690000 706.7
695000 722.0
700000 712.1
705000 721.5
710000 731.6
715000 771.5
720000 760.6
725000 749.3
730000 708.7
735000 780.2
740000 730.4
745000 675.5
750000 734.2
755000 760.1
760000 765.5
765000 732.0
770000 714.4
775000 743.5
780000 764.7
785000 801.3
790000 784.2
795000 768.7
800000 800.0
805000 89.1
810000 23.5
815000 93.2
820000 213.5
825000 127.7
830000 328.2
835000 249.8
840000 289.2
845000 283.4
850000 641.4
855000 533.2
860000 673.4
865000 680.3
870000 714.8
875000 749.7
880000 550.4
885000 703.5
890000 792.4
895000 740.9
900000 647.2
905000 745.6
910000 746.8
915000 683.5
920000 742.6
925000 748.1
930000 805.4
935000 782.7
940000 726.7
945000 797.9
950000 826.3
955000 837.5
960000 750.5
965000 791.4
970000 827.7
975000 800.7
980000 777.9
985000 811.6
990000 814.1
995000 799.8
1000000 830.8
1005000 805.3
1010000 796.3
1015000 814.7
1020000 824.1
1025000 841.6
1030000 821.7
1035000 781.7
1040000 759.4
1045000 834.2
1050000 823.2
1055000 839.5
1060000 797.8
1065000 798.0
1070000 821.1
1075000 773.4
1080000 837.4
1085000 868.7
1090000 794.9
1095000 799.0
1100000 803.2
1105000 775.5
1110000 784.5
1115000 828.9
1120000 830.5
1125000 842.1
1130000 832.6
1135000 789.5
1140000 834.7
1145000 772.2
1150000 801.8
1155000 820.6
1160000 802.9
1165000 755.0
1170000 811.0
1175000 862.3
1180000 820.7
1185000 814.9
1190000 822.2
1195000 860.9
1200000 863.9
1205000 102.1
1210000 51.8
1215000 25.2
1220000 132.1
1225000 66.5
1230000 430.4
1235000 540.5
1240000 362.2
1245000 522.3
1250000 761.3
1255000 814.9
1260000 709.1
1265000 748.9
1270000 760.8
1275000 692.9
1280000 805.1
1285000 817.7
1290000 753.3
1295000 770.1
1300000 823.3
1305000 741.2
1310000 783.8
1315000 848.0
1320000 809.3
1325000 873.5
1330000 814.1
1335000 853.8
1340000 821.1
1345000 799.6
1350000 831.7
1355000 865.0
1360000 864.3
1365000 847.8
1370000 833.9
1375000 846.3
1380000 866.0
1385000 830.8
1390000 877.7
1395000 863.3
1400000 874.1
1405000 880.1
1410000 852.0
1415000 871.7
1420000 860.5
1425000 852.8
1430000 865.1
1435000 849.5
1440000 866.0
1445000 897.1
1450000 892.9
1455000 843.2
1460000 886.9
1465000 886.2
1470000 871.1
1475000 869.1
1480000 888.8
1485000 918.0
1490000 889.4
1495000 878.7
1500000 908.6
1505000 907.3
1510000 897.8
1515000 885.2
1520000 899.8
1525000 922.1
1530000 875.5
1535000 900.0
1540000 911.8
1545000 872.4
1550000 916.1
1555000 915.3
1560000 906.2
1565000 904.4
1570000 905.7
1575000 908.3
1580000 899.7
1585000 871.9
1590000 890.6
1595000 925.8
1600000 894.4
1605000 155.1
1610000 40.3
1615000 54.9
1620000 233.6
1625000 30.7
1630000 43.2
1635000 192.2
1640000 265.4
1645000 290.2
1650000 706.9
1655000 843.1
1660000 712.4
1665000 316.4
1670000 829.9
1675000 840.1
1680000 835.4
1685000 689.4
1690000 862.5
1695000 884.9
1700000 873.9
1705000 804.6
1710000 710.0
1715000 864.1
1720000 854.0
1725000 879.7
1730000 900.8
1735000 883.3
1740000 888.5
1745000 885.0
1750000 912.1
1755000 914.4
1760000 899.7
1765000 920.7
1770000 891.0
1775000 911.4
1780000 880.8
1785000 912.0
1790000 911.9
1795000 891.3
1800000 939.8
1805000 923.0
1810000 921.6
1815000 882.2
1820000 932.9
1825000 910.2
1830000 918.3
1835000 919.2
1840000 924.6
1845000 902.1
1850000 888.5
1855000 927.7
1860000 927.8
1865000 922.1
1870000 875.6
1875000 911.3
1880000 895.5
1885000 902.4
1890000 892.4
1895000 916.7
1900000 900.7
1905000 907.2
1910000 906.1
1915000 904.4
1920000 918.2
1925000 892.8
1930000 926.5
1935000 896.1
1940000 911.4
1945000 916.9
1950000 792.8
1955000 917.2
1960000 918.7
1965000 913.0
1970000 934.8
1975000 914.2
1980000 924.4
1985000 915.8
1990000 902.4
1995000 939.5
2000000 909.5
