5000 16.6
10000 18.7
15000 19.6
20000 25.1
25000 26.1
30000 29.0
35000 26.0
40000 29.8
45000 19.2
50000 39.0
55000 47.5
60000 37.0
65000 46.3
70000 45.2
75000 121.2
80000 146.0
85000 168.2
90000 206.2
95000 259.8
100000 292.0
105000 399.6
110000 405.4
115000 458.7
120000 484.5
125000 485.9
130000 504.0
135000 549.2
140000 550.9
145000 568.7
150000 571.1
155000 585.6
160000 579.8
165000 608.5
170000 545.0
175000 606.0
180000 590.5
185000 628.8
190000 609.9
195000 620.1
200000 636.0
205000 23.8
210000 22.6
215000 17.7
220000 75.1
225000 231.7
230000 408.5
235000 471.7
240000 568.0
245000 561.7
250000 615.9
255000 596.9
260000 614.7
265000 595.9
270000 656.7
275000 638.9
280000 636.4
285000 624.5
290000 634.1
295000 627.4
300000 658.8
305000 633.5
310000 641.5
315000 683.4
320000 681.6
325000 672.2
330000 681.7
335000 690.0
340000 687.5
345000 683.0
350000 696.8
355000 692.4
360000 708.8
365000 704.0
370000 686.9
375000 691.9
380000 699.5
385000 700.7
390000 716.7
395000 696.8
400000 709.6
405000 21.0
410000 23.5
415000 29.4
420000 122.0
425000 201.6
430000 246.7
435000 430.6
440000 586.8
445000 636.0
450000 607.3
455000 673.5
460000 646.1
465000 691.8
470000 634.7
475000 666.3
480000 653.4
485000 696.2
490000 701.5
495000 636.6
500000 709.1
505000 711.8
510000 709.9
515000 708.3
520000 710.6
525000 712.2
530000 717.7
535000 715.7
540000 728.0
545000 713.2
550000 713.7
555000 721.0
560000 712.2
565000 722.6
570000 707.9
575000 722.7
580000 722.6
585000 725.8
590000 721.3
595000 721.5
600000 716.7
605000 25.1
610000 17.2
615000 27.3
620000 95.5
625000 280.5
630000 486.3
635000 576.9
640000 643.6
645000 628.2
650000 693.0
655000 678.2
660000 652.4
665000 636.2
670000 674.5
675000 693.4
680000 700.6
685000 712.7
690000 707.3
695000 696.7
700000 727.6
705000 714.2
710000 727.8
715000 723.1
720000 692.6
725000 724.5
730000 734.0
735000 712.6
740000 707.7
745000 721.5
750000 726.6
755000 722.7
760000 722.3
765000 734.1
770000 733.3
775000 740.7
780000 740.8
785000 724.5
790000 730.0
795000 734.5
800000 734.7
805000 19.8
810000 18.4
815000 31.6
820000 174.0
825000 273.1
830000 406.2
835000 552.6
840000 632.6
845000 681.0
850000 701.9
855000 653.4
860000 681.5
865000 636.1
870000 710.1
875000 714.7
880000 713.2
885000 709.4
890000 704.5
895000 658.7
900000 733.9
905000 711.8
910000 698.1
915000 733.1
920000 732.5
925000 728.1
930000 722.1
935000 738.4
940000 721.3
945000 725.8
950000 727.7
955000 729.1
960000 725.7
965000 671.9
970000 732.3
975000 742.1
980000 725.9
985000 727.4
990000 730.2
995000 731.9
1000000 746.0
1005000 33.6
1010000 16.4
1015000 28.6
1020000 163.2
1025000 352.5
1030000 504.8
1035000 592.4
1040000 658.0
1045000 666.5
1050000 694.6
1055000 684.9
1060000 632.0
1065000 705.0
1070000 708.9
1075000 728.7
1080000 654.5
1085000 709.0
1090000 714.7
1095000 709.2
1100000 728.4
1105000 629.1
1110000 732.0
1115000 724.3
1120000 725.5
1125000 737.3
1130000 732.5
1135000 739.3
1140000 735.4
1145000 748.2
1150000 741.4
1155000 733.1
1160000 746.4
1165000 736.1
1170000 745.7
1175000 740.8
1180000 756.4
1185000 742.7
1190000 739.6
1195000 745.5
1200000 743.9
1205000 17.6
1210000 16.8
1215000 40.0
1220000 65.5
1225000 224.9
1230000 400.5
1235000 596.0
1240000 663.2
1245000 623.7
1250000 642.1
1255000 641.1
1260000 678.1
1265000 697.5
1270000 697.9
1275000 679.3
1280000 701.7
1285000 729.5
1290000 727.0
1295000 716.4
1300000 729.1
1305000 740.4
1310000 737.0
1315000 653.2
1320000 736.9
1325000 755.4
1330000 739.5
1335000 717.9
1340000 746.9
1345000 743.0
1350000 744.9
1355000 762.8
1360000 743.2
1365000 753.4
1370000 739.4
1375000 750.2
1380000 750.5
1385000 755.8
1390000 757.5
1395000 766.7
1400000 754.9
1405000 13.5
1410000 19.1
1415000 27.7
1420000 104.4
1425000 349.9
1430000 532.2
1435000 605.5
1440000 666.6
1445000 672.8
1450000 685.1
1455000 683.7
1460000 686.1
1465000 720.6
1470000 672.3
1475000 665.4
1480000 723.1
1485000 709.0
1490000 660.7
1495000 748.3
1500000 698.2
1505000 728.0
1510000 723.2
1515000 690.6
1520000 734.9
1525000 754.1
1530000 737.9
1535000 708.3
1540000 743.6
1545000 754.4
1550000 740.2
1555000 722.5
1560000 707.4
1565000 753.0
1570000 725.6
1575000 726.3
1580000 757.0
1585000 764.2
1590000 739.1
1595000 759.7
1600000 755.9
1605000 16.4
1610000 17.5
1615000 62.7
1620000 127.0
1625000 277.1
1630000 255.2
1635000 611.7
1640000 650.7
1645000 646.9
1650000 695.2
1655000 681.6
1660000 631.2
1665000 703.2
1670000 712.2
1675000 724.2
1680000 662.5
1685000 724.9
1690000 733.5
1695000 705.3
1700000 738.0
1705000 731.3
1710000 748.3
1715000 750.6
1720000 731.2
1725000 758.3
1730000 740.9
1735000 758.9
1740000 742.8
1745000 742.2
1750000 761.9
1755000 757.2
1760000 751.0
1765000 737.6
1770000 742.4
1775000 750.4
1780000 767.7
1785000 760.6
1790000 763.5
1795000 768.8
1800000 746.6
1805000 16.8
1810000 16.8
1815000 28.6
1820000 30.4
1825000 167.9
1830000 461.9
1835000 537.6
1840000 593.8
1845000 627.5
1850000 663.2
1855000 639.1
1860000 676.9
1865000 652.9
1870000 715.0
1875000 728.8
1880000 711.9
1885000 726.4
1890000 732.0
1895000 734.6
1900000 712.5
1905000 741.1
1910000 691.6
1915000 720.4
1920000 735.9
1925000 715.5
1930000 737.7
1935000 747.8
1940000 750.2
1945000 747.6
1950000 743.0
1955000 745.9
1960000 743.9
1965000 757.1
1970000 752.7
1975000 730.5
1980000 688.9
1985000 757.2
1990000 760.7
1995000 755.6
2000000 694.6
