5000 25.6
10000 25.4
15000 25.7
20000 20.7
25000 22.4
30000 24.6
35000 41.7
40000 28.6
45000 63.1
50000 39.6
55000 48.7
60000 26.1
65000 147.9
70000 166.3
75000 330.7
80000 359.4
85000 434.9
90000 474.5
95000 503.4
100000 514.1
105000 513.7
110000 553.2
115000 564.3
120000 582.1
125000 608.3
130000 625.5
135000 628.3
140000 631.2
145000 678.5
150000 648.2
155000 615.6
160000 661.0
165000 644.6
170000 666.3
175000 675.9
180000 680.1
185000 692.9
190000 683.3
195000 681.5
200000 686.8
205000 22.8
210000 25.3
215000 34.7
220000 108.1
225000 187.4
230000 425.5
235000 475.7
240000 584.0
245000 656.3
250000 648.4
255000 672.7
260000 683.5
265000 685.6
270000 670.2
275000 677.3
280000 695.3
285000 712.1
290000 680.6
295000 691.2
300000 697.3
305000 710.7
310000 711.0
315000 697.6
320000 690.7
325000 709.6
330000 695.6
335000 691.1
340000 691.4
345000 712.0
350000 714.0
355000 721.4
360000 721.4
365000 715.2
370000 715.8
375000 711.4
380000 718.4
385000 724.9
390000 715.4
395000 736.4
400000 736.6
405000 21.2
410000 21.9
415000 29.4
420000 166.5
425000 280.3
430000 444.0
435000 456.4
440000 421.2
445000 667.7
450000 648.0
455000 677.5
460000 628.6
465000 621.8
470000 702.8
475000 708.1
480000 706.7
485000 715.1
490000 712.7
495000 687.2
500000 726.8
505000 735.8
510000 677.5
515000 724.8
520000 730.3
525000 737.5
530000 733.9
535000 749.6
540000 726.4
545000 741.7
550000 743.7
555000 739.2
560000 747.1
565000 735.2
570000 749.0
575000 749.7
580000 745.7
585000 760.9
590000 739.0
595000 758.8
600000 749.8
605000 18.7
610000 28.4
615000 28.6
620000 88.4
625000 232.3
630000 413.8
635000 563.9
640000 652.8
645000 704.8
650000 702.5
655000 708.1
660000 697.9
665000 720.4
670000 714.4
675000 710.5
680000 729.9
685000 703.9
690000 722.9
695000 706.3
700000 710.6
705000 722.5
710000 724.6
715000 732.1
720000 737.7
725000 741.2
730000 746.6
735000 721.6
740000 730.5
745000 731.0
750000 731.4
755000 738.5
760000 737.2
765000 738.3
770000 749.3
775000 748.2
780000 758.8
785000 748.0
790000 758.8
795000 742.1
800000 736.3
805000 22.1
810000 25.0
815000 23.1
820000 99.3
825000 215.3
830000 491.1
835000 534.7
840000 657.4
845000 643.7
850000 648.9
855000 702.3
860000 665.8
865000 718.6
870000 652.3
875000 730.3
880000 721.6
885000 727.3
890000 723.9
895000 716.4
900000 724.7
905000 734.7
910000 716.6
915000 743.9
920000 740.9
925000 741.0
930000 746.0
935000 746.1
940000 740.3
945000 747.8
950000 757.0
955000 753.6
960000 740.5
965000 753.2
970000 761.7
975000 754.9
980000 737.1
985000 769.7
990000 757.8
995000 756.1
1000000 758.4
1005000 22.1
1010000 26.8
1015000 17.8
1020000 91.1
1025000 153.0
1030000 264.8
1035000 599.9
1040000 656.1
1045000 691.9
1050000 705.0
1055000 724.6
1060000 720.9
1065000 720.7
1070000 718.7
1075000 744.7
1080000 741.7
1085000 715.6
1090000 749.3
1095000 749.4
1100000 740.7
1105000 734.5
1110000 741.2
1115000 750.4
1120000 749.4
1125000 758.8
1130000 754.2
1135000 748.3
1140000 756.6
1145000 750.2
1150000 758.4
1155000 761.9
1160000 759.5
1165000 757.7
1170000 757.0
1175000 757.7
1180000 759.3
1185000 771.7
1190000 764.8
1195000 778.8
1200000 783.8
1205000 16.9
1210000 21.8
1215000 27.4
1220000 71.0
1225000 218.7
1230000 315.5
1235000 425.6
1240000 572.0
1245000 531.4
1250000 581.8
1255000 682.4
1260000 640.5
1265000 716.9
1270000 712.3
1275000 708.1
1280000 726.9
1285000 720.1
1290000 729.7
1295000 740.0
1300000 662.3
1305000 740.9
1310000 753.5
1315000 734.9
1320000 692.2
1325000 723.6
1330000 755.3
1335000 743.4
1340000 750.9
1345000 751.2
1350000 756.2
1355000 698.7
1360000 683.3
1365000 766.8
1370000 745.6
1375000 757.8
1380000 763.4
1385000 768.4
1390000 760.6
1395000 762.4
1400000 761.8
1405000 14.6
1410000 23.3
1415000 20.9
1420000 70.8
1425000 92.2
1430000 376.3
1435000 506.8
1440000 585.9
1445000 653.0
1450000 648.0
1455000 677.6
1460000 683.5
1465000 704.4
1470000 644.3
1475000 666.6
1480000 712.7
1485000 720.8
1490000 710.5
1495000 735.7
1500000 747.6
1505000 706.4
1510000 749.7
1515000 732.1
1520000 713.7
1525000 743.0
1530000 769.2
1535000 769.4
1540000 764.6
1545000 779.6
1550000 757.5
1555000 760.4
1560000 765.1
1565000 753.0
1570000 763.0
1575000 771.6
1580000 755.4
1585000 759.7
1590000 755.6
1595000 767.6
1600000 772.8
1605000 17.3
1610000 27.8
1615000 28.8
1620000 41.4
1625000 226.2
1630000 414.7
1635000 528.2
1640000 613.0
1645000 682.0
1650000 705.4
1655000 715.1
1660000 645.2
1665000 701.1
1670000 703.9
1675000 696.0
1680000 719.4
1685000 702.0
1690000 731.7
1695000 754.0
1700000 740.0
1705000 674.7
1710000 742.4
1715000 748.1
1720000 741.6
1725000 751.8
1730000 752.9
1735000 747.4
1740000 750.6
1745000 725.8
1750000 761.0
1755000 748.1
1760000 755.9
1765000 764.9
1770000 744.5
1775000 764.4
1780000 765.1
1785000 761.2
1790000 781.3
1795000 767.7
1800000 776.8
1805000 17.5
1810000 38.2
1815000 30.2
1820000 128.4
1825000 253.9
1830000 388.9
1835000 586.7
1840000 647.1
1845000 678.8
1850000 713.5
1855000 712.2
1860000 636.6
1865000 704.1
1870000 720.4
1875000 673.0
1880000 705.2
1885000 694.4
1890000 715.6
1895000 736.8
1900000 730.1
1905000 757.1
1910000 743.4
1915000 756.9
1920000 748.9
1925000 768.5
1930000 764.2
1935000 764.8
1940000 769.3
1945000 761.3
1950000 755.1
1955000 770.2
1960000 781.2
1965000 774.7
1970000 757.6
1975000 789.6
1980000 768.1
1985000 766.7
1990000 774.2
1995000 775.9
2000000 777.3
