5000 22.4
10000 23.1
15000 22.4
20000 22.1
25000 29.9
30000 27.3
35000 22.7
40000 27.1
45000 21.5
50000 22.2
55000 24.9
60000 22.5
65000 22.6
70000 19.4
75000 22.8
80000 22.8
85000 20.8
90000 21.5
95000 23.6
100000 24.5
105000 19.2
110000 22.5
115000 29.5
120000 25.0
125000 22.6
130000 22.2
135000 22.4
140000 27.6
145000 19.3
150000 20.4
155000 23.9
160000 24.5
165000 16.8
170000 23.8
175000 22.6
180000 24.2
185000 20.0
190000 27.9
195000 22.8
200000 24.7
205000 15.1
210000 22.6
215000 22.4
220000 23.9
225000 18.2
230000 27.8
235000 35.9
240000 22.3
245000 22.3
250000 25.7
255000 23.2
260000 30.7
265000 24.2
270000 28.6
275000 22.9
280000 22.6
285000 18.0
290000 22.3
295000 22.8
300000 22.8
305000 14.2
310000 38.2
315000 22.4
320000 28.8
325000 25.3
330000 25.0
335000 21.5
340000 24.7
345000 16.9
350000 22.3
355000 22.5
360000 24.7
365000 14.9
370000 22.4
375000 22.5
380000 23.2
385000 24.8
390000 29.4
395000 22.4
400000 27.2
405000 23.0
410000 25.8
415000 22.7
420000 23.6
425000 22.1
430000 23.2
435000 22.1
440000 24.5
445000 18.8
450000 22.4
455000 25.0
460000 23.9
465000 21.5
470000 30.2
475000 21.5
480000 22.9
485000 20.4
490000 24.0
495000 22.4
500000 23.8
505000 18.8
510000 27.2
515000 21.1
520000 24.6
525000 23.9
530000 39.8
535000 22.4
540000 23.5
545000 12.5
550000 28.0
555000 23.7
560000 23.2
565000 14.3
570000 22.6
575000 21.4
580000 24.3
585000 20.4
590000 24.4
595000 23.4
600000 29.6
605000 18.7
610000 26.5
615000 22.2
620000 25.9
625000 25.4
630000 20.1
635000 22.7
640000 24.2
645000 18.3
650000 26.6
655000 23.0
660000 26.8
665000 20.6
670000 22.4
675000 22.8
680000 24.0
685000 19.6
690000 28.4
695000 21.8
700000 25.4
705000 18.9
710000 22.0
715000 22.7
720000 23.7
725000 17.5
730000 29.5
735000 23.3
740000 23.8
745000 18.5
750000 23.0
755000 22.0
760000 19.8
765000 24.9
770000 22.8
775000 20.8
780000 24.4
785000 13.1
790000 22.7
795000 22.7
800000 24.4
805000 20.1
810000 27.0
815000 22.4
820000 23.3
825000 15.6
830000 22.4
835000 22.4
840000 22.8
845000 20.0
850000 30.7
855000 22.6
860000 22.2
865000 16.8
870000 22.9
875000 25.5
880000 18.5
885000 19.5
890000 29.7
895000 22.6
900000 24.0
905000 17.4
910000 22.8
915000 22.9
920000 21.6
925000 23.1
930000 21.0
935000 22.9
940000 20.1
945000 17.4
950000 22.7
955000 22.8
960000 21.9
965000 14.9
970000 22.9
975000 28.7
980000 22.8
985000 20.7
990000 19.5
995000 22.0
1000000 24.7
1005000 15.2
1010000 34.2
1015000 24.2
1020000 23.8
1025000 17.7
1030000 28.0
1035000 22.4
1040000 23.4
1045000 15.9
1050000 22.0
1055000 23.5
1060000 23.4
1065000 15.5
1070000 24.6
1075000 23.7
1080000 24.7
1085000 21.2
1090000 25.9
1095000 22.9
1100000 21.7
1105000 12.1
1110000 22.2
1115000 22.8
1120000 26.3
1125000 26.9
1130000 23.0
1135000 24.6
1140000 22.6
1145000 20.4
1150000 22.6
1155000 21.2
1160000 23.1
1165000 26.7
1170000 26.0
1175000 23.8
1180000 20.2
1185000 22.9
1190000 26.0
1195000 22.2
1200000 17.8
1205000 20.6
1210000 22.2
1215000 22.4
1220000 22.9
1225000 25.9
1230000 22.9
1235000 19.9
1240000 17.7
1245000 14.0
1250000 22.3
1255000 22.7
1260000 20.6
1265000 20.2
1270000 29.6
1275000 21.2
1280000 18.0
1285000 17.1
1290000 22.6
1295000 24.2
1300000 19.9
1305000 16.6
1310000 26.9
1315000 18.7
1320000 22.5
1325000 18.9
1330000 23.4
1335000 22.5
1340000 25.9
1345000 21.1
1350000 22.7
1355000 24.3
1360000 23.1
1365000 20.9
1370000 26.7
1375000 21.2
1380000 22.7
1385000 20.4
1390000 23.8
1395000 23.4
1400000 24.6
1405000 15.7
1410000 23.0
1415000 22.7
1420000 24.6
1425000 26.4
1430000 21.3
1435000 22.3
1440000 23.3
1445000 17.1
1450000 26.9
1455000 24.4
1460000 24.0
1465000 26.0
1470000 29.0
1475000 22.9
1480000 23.5
1485000 21.6
1490000 25.0
1495000 22.5
1500000 23.8
1505000 19.9
1510000 36.3
1515000 24.3
1520000 22.5
1525000 18.0
1530000 22.2
1535000 32.9
1540000 22.6
1545000 20.5
1550000 26.3
1555000 23.3
1560000 25.4
1565000 12.3
1570000 22.3
1575000 22.7
1580000 22.5
1585000 17.5
1590000 22.7
1595000 22.3
1600000 23.4
1605000 17.5
1610000 27.9
1615000 21.9
1620000 22.3
1625000 16.9
1630000 27.8
1635000 22.4
1640000 23.3
1645000 18.5
1650000 22.8
1655000 22.8
1660000 22.0
1665000 24.6
1670000 31.7
1675000 22.6
1680000 22.7
1685000 20.7
1690000 23.2
1695000 22.4
1700000 17.1
1705000 19.1
1710000 22.7
1715000 32.4
1720000 21.3
1725000 22.8
1730000 25.3
1735000 25.9
1740000 22.4
1745000 18.2
1750000 22.5
1755000 22.5
1760000 22.7
1765000 24.1
1770000 30.0
1775000 24.0
1780000 26.1
1785000 21.5
1790000 26.4
1795000 22.2
1800000 22.5
1805000 16.6
1810000 25.7
1815000 23.1
1820000 22.6
1825000 18.2
1830000 22.6
1835000 33.9
1840000 23.3
1845000 12.8
1850000 28.5
1855000 22.4
1860000 21.1
1865000 19.5
1870000 28.1
1875000 23.5
1880000 18.4
1885000 27.0
1890000 28.8
1895000 23.1
1900000 22.8
1905000 17.3
1910000 25.6
1915000 22.3
1920000 19.4
1925000 22.7
1930000 22.6
1935000 23.1
1940000 22.0
1945000 16.1
1950000 25.5
1955000 23.6
1960000 22.1
1965000 15.2
1970000 22.5
1975000 25.7
1980000 23.4
1985000 15.9
1990000 22.8
1995000 23.7
2000000 26.2
