5000 22.3
10000 24.4
15000 27.5
20000 26.4
25000 26.7
30000 22.4
35000 22.2
40000 15.5
45000 21.9
50000 31.3
55000 22.5
60000 18.8
65000 23.9
70000 27.7
75000 22.1
80000 23.4
85000 27.0
90000 23.7
95000 22.8
100000 25.8
105000 22.6
110000 22.3
115000 23.4
120000 23.2
125000 21.9
130000 22.1
135000 22.9
140000 26.3
145000 22.1
150000 24.7
155000 22.9
160000 28.5
165000 21.2
170000 23.5
175000 22.7
180000 24.3
185000 26.1
190000 25.8
195000 22.6
200000 21.3
205000 22.8
210000 26.4
215000 22.5
220000 25.2
225000 30.5
230000 23.0
235000 22.2
240000 22.6
245000 23.0
250000 24.1
255000 21.9
260000 22.3
265000 22.9
270000 28.3
275000 22.1
280000 22.3
285000 30.6
290000 25.8
295000 23.4
300000 22.6
305000 22.4
310000 26.4
315000 22.8
320000 26.0
325000 26.3
330000 24.4
335000 22.5
340000 22.5
345000 20.0
350000 28.6
355000 23.5
360000 23.3
365000 27.2
370000 25.9
375000 23.4
380000 25.2
385000 21.8
390000 24.6
395000 22.3
400000 22.5
405000 20.9
410000 22.4
415000 22.6
420000 22.4
425000 20.1
430000 26.7
435000 22.6
440000 22.8
445000 22.4
450000 28.2
455000 22.6
460000 22.1
465000 25.4
470000 28.0
475000 21.1
480000 23.8
485000 22.2
490000 27.5
495000 22.0
500000 23.5
505000 22.0
510000 27.3
515000 23.8
520000 23.2
525000 17.4
530000 26.7
535000 22.4
540000 22.5
545000 20.0
550000 22.6
555000 22.5
560000 22.3
565000 18.4
570000 25.4
575000 26.1
580000 25.2
585000 25.2
590000 23.0
595000 22.8
600000 24.0
605000 18.3
610000 22.2
615000 22.3
620000 22.7
625000 20.0
630000 24.1
635000 22.8
640000 23.4
645000 20.8
650000 24.2
655000 22.3
660000 24.9
665000 18.5
670000 24.8
675000 22.2
680000 23.8
685000 26.5
690000 28.8
695000 23.8
700000 26.5
705000 22.3
710000 23.2
715000 23.0
720000 23.0
725000 19.4
730000 28.7
735000 23.7
740000 23.2
745000 21.8
750000 22.8
755000 22.7
760000 24.0
765000 21.1
770000 35.6
775000 22.6
780000 23.7
785000 19.5
790000 35.3
795000 22.1
800000 22.4
805000 24.1
810000 32.4
815000 22.5
820000 22.6
825000 18.8
830000 17.6
835000 22.0
840000 24.2
845000 15.6
850000 25.5
855000 22.3
860000 23.0
865000 20.4
870000 29.1
875000 22.7
880000 24.9
885000 27.7
890000 30.7
895000 22.8
900000 23.0
905000 16.2
910000 28.0
915000 22.1
920000 22.5
925000 21.0
930000 25.7
935000 22.3
940000 24.7
945000 26.9
950000 26.5
955000 22.3
960000 26.6
965000 21.9
970000 32.5
975000 22.5
980000 22.6
985000 19.7
990000 25.6
995000 24.3
1000000 23.1
1005000 22.9
1010000 22.3
1015000 22.2
1020000 22.7
1025000 27.3
1030000 21.9
1035000 21.2
1040000 24.1
1045000 19.3
1050000 24.0
1055000 22.7
1060000 24.5
1065000 18.8
1070000 26.3
1075000 23.4
1080000 23.8
1085000 22.9
1090000 26.7
1095000 22.1
1100000 23.4
1105000 26.1
1110000 25.6
1115000 22.8
1120000 23.4
1125000 19.5
1130000 25.7
1135000 22.4
1140000 22.4
1145000 17.1
1150000 22.2
1155000 23.8
1160000 20.1
1165000 23.7
1170000 29.1
1175000 24.8
1180000 24.5
1185000 22.4
1190000 23.0
1195000 23.5
1200000 22.7
1205000 23.7
1210000 23.0
1215000 22.8
1220000 24.4
1225000 20.3
1230000 27.6
1235000 24.3
1240000 24.9
1245000 22.3
1250000 21.6
1255000 22.7
1260000 25.9
1265000 20.4
1270000 22.3
1275000 22.8
1280000 23.4
1285000 22.4
1290000 38.7
1295000 22.9
1300000 25.2
1305000 20.4
1310000 23.6
1315000 26.1
1320000 22.3
1325000 27.1
1330000 23.2
1335000 22.9
1340000 23.3
1345000 24.5
1350000 27.6
1355000 20.4
1360000 24.9
1365000 23.4
1370000 29.2
1375000 22.2
1380000 23.2
1385000 17.3
1390000 25.5
1395000 23.9
1400000 25.3
1405000 22.5
1410000 29.0
1415000 22.1
1420000 20.2
1425000 21.0
1430000 31.3
1435000 21.4
1440000 23.8
1445000 14.5
1450000 29.3
1455000 22.7
1460000 25.1
1465000 22.8
1470000 25.1
1475000 22.9
1480000 22.5
1485000 26.7
1490000 24.6
1495000 23.2
1500000 22.9
1505000 25.2
1510000 24.5
1515000 23.9
1520000 27.0
1525000 22.3
1530000 22.4
1535000 23.0
1540000 25.2
1545000 16.8
1550000 22.4
1555000 24.1
1560000 23.4
1565000 22.1
1570000 25.1
1575000 22.3
1580000 21.7
1585000 22.4
1590000 23.6
1595000 22.3
1600000 26.0
1605000 16.1
1610000 23.3
1615000 33.1
1620000 29.9
1625000 22.3
1630000 21.7
1635000 22.9
1640000 23.6
1645000 20.1
1650000 25.9
1655000 22.4
1660000 23.5
1665000 27.8
1670000 21.9
1675000 23.1
1680000 23.0
1685000 27.8
1690000 21.5
1695000 22.0
1700000 15.4
1705000 15.2
1710000 23.2
1715000 23.4
1720000 22.3
1725000 25.9
1730000 32.8
1735000 22.9
1740000 23.2
1745000 17.2
1750000 22.3
1755000 23.0
1760000 22.4
1765000 26.8
1770000 25.9
1775000 22.4
1780000 25.7
1785000 19.2
1790000 40.6
1795000 22.7
1800000 22.4
1805000 17.5
1810000 25.9
1815000 25.5
1820000 24.9
1825000 19.8
1830000 25.5
1835000 22.5
1840000 22.0
1845000 24.6
1850000 23.1
1855000 22.6
1860000 23.1
1865000 21.5
1870000 36.6
1875000 22.3
1880000 21.8
1885000 20.9
1890000 22.2
1895000 22.2
1900000 19.7
1905000 25.1
1910000 34.2
1915000 22.5
1920000 22.2
1925000 15.2
1930000 23.4
1935000 22.7
1940000 24.5
1945000 19.4
1950000 22.7
1955000 33.6
1960000 22.5
1965000 19.5
1970000 23.8
1975000 23.6
1980000 20.5
1985000 18.3
1990000 24.6
1995000 22.5
2000000 22.5
