5000 26.6
10000 27.2
15000 22.6
20000 33.8
25000 26.7
30000 22.4
35000 23.5
40000 25.3
45000 21.5
50000 20.3
55000 26.0
60000 24.6
65000 21.6
70000 26.1
75000 22.6
80000 21.3
85000 19.6
90000 21.3
95000 28.3
100000 24.3
105000 18.1
110000 28.8
115000 22.9
120000 24.1
125000 15.2
130000 26.7
135000 22.7
140000 22.9
145000 14.1
150000 25.6
155000 24.0
160000 23.4
165000 23.9
170000 23.4
175000 22.3
180000 25.5
185000 20.1
190000 31.1
195000 22.8
200000 25.9
205000 16.0
210000 25.9
215000 24.4
220000 25.9
225000 27.6
230000 39.0
235000 22.4
240000 23.9
245000 21.4
250000 22.4
255000 22.7
260000 23.1
265000 19.9
270000 32.1
275000 22.5
280000 24.6
285000 26.8
290000 28.3
295000 22.1
300000 24.6
305000 18.3
310000 25.5
315000 24.6
320000 24.2
325000 25.5
330000 27.0
335000 23.3
340000 22.4
345000 21.6
350000 22.4
355000 22.5
360000 27.1
365000 21.6
370000 30.5
375000 21.1
380000 22.3
385000 25.6
390000 24.4
395000 22.6
400000 26.6
405000 21.9
410000 25.7
415000 22.6
420000 22.8
425000 15.4
430000 28.9
435000 29.4
440000 24.7
445000 22.3
450000 25.3
455000 22.6
460000 22.8
465000 16.1
470000 25.0
475000 31.5
480000 22.6
485000 19.8
490000 22.4
495000 22.6
500000 26.9
505000 18.2
510000 22.7
515000 22.9
520000 26.0
525000 15.8
530000 36.8
535000 22.3
540000 23.1
545000 19.1
550000 35.7
555000 22.5
560000 26.1
565000 17.1
570000 22.6
575000 22.6
580000 25.0
585000 20.0
590000 38.6
595000 29.7
600000 22.7
605000 23.6
610000 22.2
615000 21.9
620000 24.6
625000 19.9
630000 26.1
635000 22.5
640000 27.8
645000 29.1
650000 26.0
655000 22.5
660000 22.6
665000 18.0
670000 22.3
675000 20.7
680000 29.9
685000 19.2
690000 26.1
695000 23.9
700000 25.8
705000 38.8
710000 22.4
715000 33.0
720000 25.4
725000 23.9
730000 23.3
735000 22.9
740000 25.9
745000 21.4
750000 26.0
755000 26.7
760000 27.1
765000 16.6
770000 35.4
775000 22.3
780000 25.7
785000 19.8
790000 29.9
795000 22.9
800000 23.2
805000 22.6
810000 28.3
815000 22.2
820000 23.5
825000 23.6
830000 28.1
835000 23.0
840000 25.5
845000 21.8
850000 22.2
855000 23.2
860000 25.1
865000 19.5
870000 24.2
875000 32.0
880000 23.8
885000 24.4
890000 38.0
895000 23.1
900000 23.0
905000 22.7
910000 20.2
915000 23.2
920000 25.8
925000 25.5
930000 27.3
935000 22.3
940000 24.0
945000 25.0
950000 28.4
955000 22.9
960000 16.9
965000 21.5
970000 25.1
975000 22.5
980000 23.0
985000 15.7
990000 25.1
995000 22.4
1000000 22.7
1005000 15.9
1010000 29.4
1015000 22.9
1020000 29.8
1025000 25.5
1030000 29.1
1035000 23.2
1040000 22.7
1045000 23.7
1050000 26.3
1055000 23.4
1060000 28.0
1065000 19.8
1070000 22.9
1075000 22.8
1080000 24.8
1085000 16.0
1090000 24.5
1095000 22.9
1100000 24.9
1105000 16.9
1110000 28.7
1115000 22.2
1120000 27.3
1125000 17.4
1130000 22.4
1135000 24.8
1140000 19.8
1145000 18.6
1150000 25.9
1155000 22.5
1160000 24.1
1165000 18.4
1170000 26.0
1175000 22.6
1180000 26.3
1185000 20.1
1190000 22.4
1195000 22.4
1200000 28.2
1205000 20.4
1210000 22.2
1215000 22.8
1220000 22.9
1225000 20.0
1230000 22.3
1235000 22.6
1240000 18.2
1245000 16.8
1250000 22.5
1255000 23.4
1260000 22.9
1265000 29.3
1270000 31.4
1275000 22.4
1280000 23.5
1285000 17.0
1290000 24.1
1295000 22.0
1300000 23.0
1305000 26.0
1310000 24.7
1315000 22.2
1320000 26.1
1325000 18.5
1330000 29.7
1335000 22.1
1340000 24.5
1345000 25.0
1350000 29.0
1355000 24.0
1360000 26.2
1365000 23.0
1370000 27.8
1375000 23.1
1380000 25.7
1385000 19.5
1390000 26.7
1395000 22.9
1400000 22.0
1405000 25.2
1410000 23.2
1415000 22.3
1420000 23.1
1425000 17.7
1430000 37.7
1435000 22.7
1440000 21.2
1445000 23.0
1450000 23.3
1455000 22.7
1460000 25.0
1465000 24.3
1470000 24.2
1475000 22.1
1480000 24.4
1485000 21.7
1490000 29.7
1495000 21.2
1500000 27.2
1505000 25.4
1510000 21.9
1515000 21.8
1520000 24.0
1525000 23.4
1530000 23.0
1535000 23.1
1540000 23.6
1545000 19.1
1550000 22.3
1555000 24.3
1560000 23.4
1565000 22.0
1570000 27.9
1575000 22.7
1580000 23.1
1585000 27.4
1590000 22.0
1595000 22.9
1600000 20.5
1605000 28.2
1610000 24.7
1615000 24.6
1620000 23.7
1625000 19.0
1630000 22.4
1635000 23.1
1640000 23.6
1645000 24.7
1650000 25.7
1655000 22.5
1660000 25.8
1665000 20.0
1670000 25.9
1675000 23.6
1680000 23.8
1685000 18.4
1690000 31.0
1695000 23.2
1700000 22.5
1705000 27.6
1710000 25.1
1715000 22.3
1720000 22.2
1725000 18.4
1730000 25.9
1735000 25.0
1740000 22.9
1745000 21.6
1750000 25.3
1755000 23.2
1760000 24.6
1765000 21.2
1770000 27.0
1775000 22.5
1780000 24.3
1785000 19.8
1790000 25.5
1795000 22.6
1800000 24.5
1805000 20.8
1810000 22.4
1815000 23.4
1820000 25.8
1825000 13.1
1830000 26.9
1835000 22.2
1840000 26.7
1845000 23.4
1850000 31.9
1855000 23.7
1860000 23.1
1865000 26.8
1870000 31.0
1875000 33.0
1880000 23.1
1885000 20.5
1890000 26.5
1895000 22.1
1900000 22.4
1905000 23.3
1910000 28.5
1915000 24.3
1920000 23.6
1925000 21.9
1930000 29.6
1935000 22.9
1940000 24.8
1945000 26.6
1950000 28.7
1955000 22.6
1960000 26.3
1965000 17.3
1970000 27.9
1975000 22.9
1980000 21.3
1985000 17.6
1990000 28.4
1995000 26.1
2000000 25.8
