5000 19.4
10000 20.5
15000 24.0
20000 28.7
25000 28.0
30000 22.6
35000 28.9
40000 27.6
45000 24.6
50000 28.9
55000 22.3
60000 26.4
65000 20.6
70000 26.0
75000 23.3
80000 30.8
85000 20.9
90000 26.6
95000 29.8
100000 23.2
105000 18.7
110000 26.4
115000 22.1
120000 27.7
125000 32.4
130000 22.5
135000 21.9
140000 26.5
145000 19.5
150000 22.5
155000 21.9
160000 26.0
165000 18.5
170000 22.4
175000 24.6
180000 23.5
185000 20.6
190000 22.4
195000 22.3
200000 24.3
205000 19.5
210000 23.1
215000 22.3
220000 22.6
225000 28.1
230000 29.4
235000 22.3
240000 20.9
245000 15.7
250000 25.3
255000 22.4
260000 24.3
265000 24.1
270000 25.6
275000 24.5
280000 22.6
285000 36.8
290000 22.2
295000 22.4
300000 23.6
305000 25.7
310000 27.9
315000 22.9
320000 26.5
325000 15.6
330000 26.0
335000 21.9
340000 26.7
345000 18.2
350000 28.0
355000 22.5
360000 22.6
365000 23.0
370000 26.5
375000 22.6
380000 22.5
385000 23.3
390000 31.3
395000 22.7
400000 24.8
405000 21.1
410000 27.5
415000 22.1
420000 21.1
425000 23.7
430000 22.3
435000 22.3
440000 23.1
445000 16.3
450000 23.0
455000 22.8
460000 28.6
465000 16.9
470000 26.6
475000 22.1
480000 20.6
485000 15.8
490000 24.4
495000 23.3
500000 23.6
505000 26.0
510000 31.9
515000 22.5
520000 26.0
525000 18.2
530000 28.1
535000 22.5
540000 22.5
545000 22.1
550000 22.3
555000 23.0
560000 20.9
565000 20.9
570000 21.4
575000 22.3
580000 22.9
585000 24.4
590000 28.0
595000 22.9
600000 25.7
605000 21.4
610000 20.4
615000 23.0
620000 23.4
625000 19.0
630000 30.4
635000 22.0
640000 27.0
645000 22.7
650000 25.4
655000 24.2
660000 23.2
665000 20.7
670000 31.0
675000 22.4
680000 25.8
685000 23.8
690000 22.2
695000 22.3
700000 25.4
705000 26.6
710000 25.5
715000 22.3
720000 22.9
725000 15.9
730000 25.8
735000 22.7
740000 13.8
745000 26.7
750000 19.1
755000 22.0
760000 25.3
765000 21.6
770000 22.4
775000 23.1
780000 23.5
785000 16.3
790000 33.2
795000 22.7
800000 21.0
805000 19.1
810000 25.4
815000 28.1
820000 23.5
825000 18.0
830000 27.3
835000 23.1
840000 22.1
845000 22.3
850000 25.4
855000 23.3
860000 25.5
865000 20.4
870000 33.9
875000 23.2
880000 22.7
885000 15.2
890000 21.2
895000 19.8
900000 24.1
905000 28.0
910000 22.2
915000 22.2
920000 25.5
925000 18.5
930000 29.5
935000 24.0
940000 22.7
945000 29.3
950000 25.4
955000 33.0
960000 22.5
965000 20.6
970000 26.9
975000 22.5
980000 23.0
985000 24.0
990000 29.3
995000 22.5
1000000 24.1
1005000 21.9
1010000 24.3
1015000 22.6
1020000 22.5
1025000 16.2
1030000 25.3
1035000 22.2
1040000 23.2
1045000 29.0
1050000 18.9
1055000 22.1
1060000 25.4
1065000 26.3
1070000 25.7
1075000 21.7
1080000 26.1
1085000 23.7
1090000 31.2
1095000 22.7
1100000 22.8
1105000 18.8
1110000 24.5
1115000 24.6
1120000 25.4
1125000 15.0
1130000 26.3
1135000 22.8
1140000 24.0
1145000 19.5
1150000 29.2
1155000 22.9
1160000 19.9
1165000 17.6
1170000 22.0
1175000 22.1
1180000 22.5
1185000 22.9
1190000 27.8
1195000 25.0
1200000 27.7
1205000 18.1
1210000 23.6
1215000 22.3
1220000 20.3
1225000 29.0
1230000 32.9
1235000 25.4
1240000 25.8
1245000 18.7
1250000 20.7
1255000 22.6
1260000 15.9
1265000 23.5
1270000 27.8
1275000 23.5
1280000 24.8
1285000 22.5
1290000 21.7
1295000 31.2
1300000 22.6
1305000 20.2
1310000 24.4
1315000 22.5
1320000 25.0
1325000 20.5
1330000 25.4
1335000 23.3
1340000 25.9
1345000 18.7
1350000 24.1
1355000 22.4
1360000 24.8
1365000 17.7
1370000 22.1
1375000 22.5
1380000 24.4
1385000 22.1
1390000 22.0
1395000 22.4
1400000 22.5
1405000 20.6
1410000 21.0
1415000 22.9
1420000 23.8
1425000 16.2
1430000 25.2
1435000 24.3
1440000 22.4
1445000 22.7
1450000 25.5
1455000 22.4
1460000 22.8
1465000 18.9
1470000 21.0
1475000 21.1
1480000 23.4
1485000 18.5
1490000 21.8
1495000 22.8
1500000 22.7
1505000 23.2
1510000 26.1
1515000 24.4
1520000 25.0
1525000 17.4
1530000 22.3
1535000 32.8
1540000 23.1
1545000 17.5
1550000 22.0
1555000 22.6
1560000 29.1
1565000 23.8
1570000 24.5
1575000 22.5
1580000 26.4
1585000 18.0
1590000 23.6
1595000 22.5
1600000 24.5
1605000 15.8
1610000 28.1
1615000 23.3
1620000 22.6
1625000 17.8
1630000 24.5
1635000 23.5
1640000 28.2
1645000 15.9
1650000 27.1
1655000 22.7
1660000 17.8
1665000 23.6
1670000 22.4
1675000 22.9
1680000 23.4
1685000 14.9
1690000 22.6
1695000 22.3
1700000 24.4
1705000 15.5
1710000 20.3
1715000 21.4
1720000 21.8
1725000 16.6
1730000 22.2
1735000 24.0
1740000 18.6
1745000 16.6
1750000 22.0
1755000 23.6
1760000 22.0
1765000 16.2
1770000 22.6
1775000 22.7
1780000 28.7
1785000 16.4
1790000 30.8
1795000 23.1
1800000 24.8
1805000 20.7
1810000 32.1
1815000 28.6
1820000 23.1
1825000 16.4
1830000 22.5
1835000 24.7
1840000 24.7
1845000 17.6
1850000 29.8
1855000 19.2
1860000 22.5
1865000 19.3
1870000 22.8
1875000 19.0
1880000 23.1
1885000 18.8
1890000 26.4
1895000 22.8
1900000 23.8
1905000 18.3
1910000 22.4
1915000 22.4
1920000 24.5
1925000 18.6
1930000 22.7
1935000 24.1
1940000 17.4
1945000 25.8
1950000 26.5
1955000 22.7
1960000 23.1
1965000 21.1
1970000 22.8
1975000 22.2
1980000 22.5
1985000 18.7
1990000 28.2
1995000 20.5
2000000 18.0
