5000 24.0
10000 24.3
15000 24.3
20000 22.3
25000 28.8
30000 22.1
35000 28.7
40000 20.9
45000 21.7
50000 23.5
55000 29.0
60000 25.2
65000 23.6
70000 22.3
75000 27.1
80000 23.8
85000 23.3
90000 32.2
95000 22.8
100000 22.0
105000 22.2
110000 25.0
115000 22.6
120000 23.9
125000 15.3
130000 22.5
135000 17.7
140000 23.5
145000 22.7
150000 23.5
155000 22.5
160000 26.4
165000 20.2
170000 22.6
175000 23.8
180000 25.0
185000 26.2
190000 22.6
195000 23.4
200000 23.3
205000 27.2
210000 27.9
215000 25.7
220000 21.4
225000 25.3
230000 22.2
235000 30.4
240000 24.4
245000 20.5
250000 24.4
255000 21.7
260000 24.1
265000 24.3
270000 27.8
275000 22.7
280000 22.9
285000 24.1
290000 22.3
295000 22.6
300000 22.7
305000 19.9
310000 22.5
315000 24.1
320000 22.8
325000 19.3
330000 38.7
335000 24.3
340000 24.3
345000 18.5
350000 27.2
355000 23.6
360000 22.4
365000 22.3
370000 22.7
375000 22.4
380000 24.5
385000 20.6
390000 24.3
395000 22.4
400000 19.7
405000 22.0
410000 28.5
415000 22.4
420000 22.6
425000 22.8
430000 32.9
435000 22.3
440000 21.4
445000 20.8
450000 22.2
455000 24.3
460000 26.0
465000 23.0
470000 24.1
475000 21.5
480000 18.0
485000 25.2
490000 25.7
495000 26.7
500000 23.1
505000 18.8
510000 23.3
515000 22.4
520000 27.0
525000 15.9
530000 24.2
535000 22.6
540000 22.4
545000 25.8
550000 30.4
555000 26.0
560000 20.9
565000 25.7
570000 22.5
575000 22.4
580000 23.9
585000 19.1
590000 22.0
595000 22.6
600000 23.8
605000 25.6
610000 26.2
615000 22.3
620000 22.6
625000 18.8
630000 25.3
635000 20.6
640000 19.3
645000 21.8
650000 31.3
655000 25.3
660000 24.9
665000 22.3
670000 25.7
675000 22.4
680000 20.1
685000 18.4
690000 26.3
695000 21.9
700000 24.9
705000 20.7
710000 28.8
715000 22.4
720000 23.7
725000 13.9
730000 22.8
735000 20.7
740000 24.7
745000 17.6
750000 23.5
755000 22.3
760000 24.0
765000 15.3
770000 25.1
775000 22.7
780000 20.7
785000 15.7
790000 27.3
795000 23.0
800000 12.6
805000 18.0
810000 31.9
815000 25.8
820000 25.5
825000 23.5
830000 28.4
835000 22.5
840000 17.9
845000 24.3
850000 24.8
855000 22.2
860000 25.3
865000 24.4
870000 24.2
875000 23.3
880000 25.8
885000 16.2
890000 22.0
895000 29.4
900000 25.2
905000 32.5
910000 24.1
915000 23.3
920000 23.2
925000 21.3
930000 28.5
935000 24.4
940000 23.7
945000 21.1
950000 25.7
955000 22.5
960000 23.0
965000 23.5
970000 29.4
975000 22.5
980000 20.3
985000 23.4
990000 27.7
995000 22.3
1000000 24.3
1005000 20.8
1010000 21.9
1015000 28.2
1020000 25.8
1025000 18.6
1030000 30.0
1035000 22.4
1040000 21.5
1045000 16.9
1050000 27.9
1055000 22.4
1060000 24.1
1065000 24.4
1070000 29.2
1075000 22.1
1080000 23.4
1085000 23.1
1090000 21.7
1095000 22.3
1100000 23.6
1105000 25.3
1110000 21.2
1115000 24.2
1120000 24.7
1125000 23.5
1130000 24.7
1135000 26.4
1140000 27.4
1145000 24.9
1150000 28.1
1155000 22.8
1160000 23.0
1165000 25.5
1170000 22.1
1175000 23.7
1180000 22.8
1185000 19.7
1190000 22.2
1195000 22.5
1200000 25.1
1205000 34.7
1210000 27.5
1215000 26.0
1220000 24.1
1225000 19.5
1230000 28.1
1235000 23.1
1240000 24.0
1245000 27.1
1250000 25.2
1255000 22.8
1260000 23.0
1265000 21.6
1270000 28.1
1275000 22.4
1280000 22.1
1285000 25.5
1290000 22.8
1295000 22.6
1300000 24.9
1305000 24.5
1310000 28.4
1315000 24.5
1320000 25.7
1325000 23.7
1330000 35.4
1335000 22.2
1340000 25.1
1345000 26.2
1350000 24.2
1355000 23.2
1360000 19.9
1365000 22.1
1370000 24.1
1375000 22.5
1380000 25.5
1385000 19.4
1390000 22.8
1395000 24.6
1400000 20.9
1405000 24.3
1410000 24.5
1415000 24.9
1420000 22.9
1425000 22.9
1430000 30.3
1435000 22.7
1440000 27.2
1445000 27.9
1450000 29.4
1455000 22.7
1460000 22.6
1465000 21.9
1470000 29.7
1475000 24.6
1480000 26.0
1485000 26.2
1490000 24.9
1495000 22.8
1500000 24.6
1505000 22.3
1510000 30.4
1515000 22.9
1520000 22.8
1525000 21.9
1530000 24.8
1535000 22.6
1540000 23.1
1545000 22.4
1550000 29.2
1555000 22.4
1560000 23.1
1565000 30.1
1570000 22.3
1575000 31.6
1580000 22.7
1585000 22.9
1590000 22.8
1595000 22.5
1600000 23.4
1605000 28.8
1610000 22.8
1615000 25.2
1620000 24.6
1625000 26.5
1630000 25.7
1635000 23.0
1640000 25.8
1645000 33.4
1650000 26.5
1655000 22.3
1660000 25.4
1665000 16.0
1670000 25.0
1675000 22.8
1680000 24.5
1685000 27.6
1690000 33.5
1695000 22.5
1700000 22.7
1705000 22.4
1710000 29.7
1715000 22.3
1720000 27.3
1725000 25.3
1730000 24.4
1735000 22.8
1740000 26.4
1745000 16.5
1750000 23.1
1755000 22.4
1760000 27.3
1765000 21.7
1770000 22.5
1775000 22.6
1780000 22.6
1785000 20.0
1790000 22.6
1795000 23.1
1800000 22.6
1805000 24.2
1810000 23.5
1815000 22.9
1820000 28.5
1825000 29.0
1830000 25.6
1835000 22.6
1840000 24.3
1845000 22.7
1850000 23.9
1855000 21.8
1860000 24.8
1865000 16.3
1870000 22.7
1875000 30.2
1880000 25.5
1885000 17.7
1890000 24.9
1895000 22.3
1900000 27.3
1905000 24.7
1910000 26.0
1915000 23.5
1920000 22.7
1925000 19.7
1930000 24.9
1935000 22.7
1940000 24.5
1945000 24.3
1950000 22.7
1955000 22.6
1960000 24.5
1965000 29.2
1970000 25.5
1975000 22.9
1980000 22.9
1985000 15.4
1990000 31.8
1995000 22.6
2000000 23.8
