5000 23.5
10000 23.4
15000 28.3
20000 20.9
25000 24.2
30000 21.3
35000 28.0
40000 24.4
45000 17.7
50000 23.7
55000 31.1
60000 22.5
65000 21.7
70000 28.1
75000 32.8
80000 33.8
85000 22.1
90000 30.4
95000 23.3
100000 24.3
105000 23.8
110000 25.6
115000 22.7
120000 26.0
125000 17.3
130000 22.6
135000 23.0
140000 21.4
145000 17.5
150000 27.6
155000 29.3
160000 23.1
165000 20.0
170000 23.1
175000 22.9
180000 25.6
185000 25.0
190000 30.1
195000 22.5
200000 24.8
205000 16.5
210000 23.8
215000 25.2
220000 22.0
225000 20.3
230000 24.0
235000 29.0
240000 21.6
245000 28.3
250000 25.5
255000 22.5
260000 26.8
265000 18.3
270000 24.0
275000 20.3
280000 24.9
285000 16.8
290000 22.4
295000 23.7
300000 21.6
305000 22.7
310000 35.5
315000 24.3
320000 24.5
325000 20.6
330000 26.5
335000 22.9
340000 23.3
345000 18.4
350000 37.5
355000 22.5
360000 21.9
365000 27.8
370000 31.1
375000 23.6
380000 24.7
385000 21.8
390000 22.5
395000 22.4
400000 25.0
405000 25.4
410000 22.6
415000 28.6
420000 25.8
425000 17.7
430000 26.1
435000 22.7
440000 26.6
445000 20.9
450000 23.6
455000 23.6
460000 23.9
465000 18.9
470000 23.7
475000 24.1
480000 24.0
485000 29.4
490000 22.2
495000 23.2
500000 26.3
505000 16.5
510000 37.8
515000 23.8
520000 25.4
525000 18.7
530000 27.5
535000 23.4
540000 24.5
545000 19.7
550000 26.8
555000 22.6
560000 23.4
565000 20.7
570000 28.6
575000 23.4
580000 23.2
585000 17.6
590000 25.9
595000 23.1
600000 21.5
605000 24.0
610000 33.4
615000 23.0
620000 22.8
625000 26.2
630000 26.5
635000 23.5
640000 22.5
645000 24.0
650000 22.5
655000 22.7
660000 24.5
665000 14.3
670000 25.1
675000 22.8
680000 25.3
685000 18.7
690000 22.7
695000 22.9
700000 25.7
705000 28.6
710000 34.3
715000 24.6
720000 22.2
725000 24.1
730000 26.8
735000 22.6
740000 24.3
745000 23.3
750000 23.0
755000 20.8
760000 22.7
765000 24.5
770000 27.0
775000 24.5
780000 22.5
785000 19.0
790000 23.7
795000 22.2
800000 24.5
805000 27.8
810000 24.4
815000 22.8
820000 27.1
825000 24.4
830000 22.7
835000 22.7
840000 22.3
845000 21.3
850000 24.6
855000 22.9
860000 22.2
865000 17.3
870000 23.4
875000 22.3
880000 22.6
885000 29.2
890000 27.7
895000 22.4
900000 22.5
905000 23.4
910000 28.8
915000 22.7
920000 22.1
925000 19.9
930000 23.5
935000 23.6
940000 15.7
945000 18.6
950000 22.9
955000 22.3
960000 24.1
965000 19.9
970000 26.5
975000 22.1
980000 23.3
985000 27.2
990000 22.8
995000 22.9
1000000 22.3
1005000 17.8
1010000 22.2
1015000 24.6
1020000 24.4
1025000 17.8
1030000 30.5
1035000 38.0
1040000 29.3
1045000 18.2
1050000 22.5
1055000 22.9
1060000 21.8
1065000 25.5
1070000 22.5
1075000 26.5
1080000 23.1
1085000 22.3
1090000 22.8
1095000 20.3
1100000 24.6
1105000 29.0
1110000 28.9
1115000 22.8
1120000 24.7
1125000 17.6
1130000 22.9
1135000 22.6
1140000 25.8
1145000 21.6
1150000 22.6
1155000 22.3
1160000 22.5
1165000 13.2
1170000 29.8
1175000 22.9
1180000 22.0
1185000 28.8
1190000 31.5
1195000 22.6
1200000 26.4
1205000 17.1
1210000 25.7
1215000 23.7
1220000 21.1
1225000 21.9
1230000 22.7
1235000 22.6
1240000 23.5
1245000 24.5
1250000 22.7
1255000 33.9
1260000 25.2
1265000 14.8
1270000 23.0
1275000 30.9
1280000 20.8
1285000 20.6
1290000 23.0
1295000 22.4
1300000 23.6
1305000 22.4
1310000 25.9
1315000 23.0
1320000 25.4
1325000 25.2
1330000 24.5
1335000 20.9
1340000 25.0
1345000 15.4
1350000 23.1
1355000 22.9
1360000 22.2
1365000 20.3
1370000 27.9
1375000 24.1
1380000 26.2
1385000 15.8
1390000 27.1
1395000 17.8
1400000 23.3
1405000 18.9
1410000 23.7
1415000 25.2
1420000 25.0
1425000 21.3
1430000 22.7
1435000 22.9
1440000 16.9
1445000 21.4
1450000 25.0
1455000 22.3
1460000 23.5
1465000 23.7
1470000 22.2
1475000 22.8
1480000 25.4
1485000 16.7
1490000 22.4
1495000 24.0
1500000 21.4
1505000 22.3
1510000 24.0
1515000 23.7
1520000 26.1
1525000 19.3
1530000 24.5
1535000 22.9
1540000 23.7
1545000 22.2
1550000 24.5
1555000 22.3
1560000 24.7
1565000 20.4
1570000 25.6
1575000 29.0
1580000 22.2
1585000 18.5
1590000 38.1
1595000 30.5
1600000 24.2
1605000 25.6
1610000 25.5
1615000 23.0
1620000 24.7
1625000 15.3
1630000 30.8
1635000 23.1
1640000 24.7
1645000 26.0
1650000 22.7
1655000 23.1
1660000 22.6
1665000 17.3
1670000 25.8
1675000 23.3
1680000 28.0
1685000 21.9
1690000 26.7
1695000 23.1
1700000 24.8
1705000 23.4
1710000 22.6
1715000 24.9
1720000 27.4
1725000 21.7
1730000 22.5
1735000 22.7
1740000 26.6
1745000 18.7
1750000 22.6
1755000 22.5
1760000 22.6
1765000 19.9
1770000 26.1
1775000 22.4
1780000 23.0
1785000 24.1
1790000 22.4
1795000 22.6
1800000 27.3
1805000 23.1
1810000 22.5
1815000 25.2
1820000 25.2
1825000 22.8
1830000 26.2
1835000 21.7
1840000 16.0
1845000 22.8
1850000 22.7
1855000 22.5
1860000 21.9
1865000 20.3
1870000 35.5
1875000 23.3
1880000 24.0
1885000 23.8
1890000 26.2
1895000 23.5
1900000 22.3
1905000 27.3
1910000 22.7
1915000 22.9
1920000 20.5
1925000 19.8
1930000 22.4
1935000 22.7
1940000 23.0
1945000 33.4
1950000 24.5
1955000 25.7
1960000 23.0
1965000 24.4
1970000 28.9
1975000 26.8
1980000 22.9
1985000 20.3
1990000 35.3
1995000 23.9
2000000 26.0
