5000 24.2
10000 23.0
15000 22.2
20000 22.5
25000 22.2
30000 22.1
35000 32.7
40000 22.5
45000 20.1
50000 21.6
55000 23.2
60000 25.0
65000 22.3
70000 26.1
75000 22.9
80000 27.9
85000 23.0
90000 31.6
95000 21.4
100000 31.8
105000 21.1
110000 22.0
115000 22.6
120000 27.1
125000 20.5
130000 22.3
135000 22.1
140000 24.4
145000 21.3
150000 35.3
155000 23.7
160000 21.3
165000 21.6
170000 26.0
175000 22.9
180000 24.1
185000 23.9
190000 25.6
195000 23.0
200000 26.3
205000 23.4
210000 30.2
215000 21.3
220000 22.4
225000 30.0
230000 27.8
235000 23.2
240000 22.6
245000 21.1
250000 41.4
255000 22.3
260000 22.3
265000 25.1
270000 30.8
275000 21.8
280000 23.2
285000 26.5
290000 34.4
295000 22.6
300000 24.2
305000 27.4
310000 29.2
315000 23.3
320000 24.9
325000 18.9
330000 24.3
335000 22.6
340000 27.8
345000 22.8
350000 26.3
355000 22.7
360000 25.5
365000 25.1
370000 29.4
375000 22.8
380000 23.8
385000 21.6
390000 21.8
395000 22.9
400000 20.2
405000 21.6
410000 35.8
415000 23.0
420000 23.6
425000 18.5
430000 29.5
435000 22.3
440000 26.4
445000 23.0
450000 22.3
455000 23.4
460000 23.8
465000 18.0
470000 22.5
475000 22.7
480000 25.4
485000 29.7
490000 27.5
495000 22.7
500000 22.7
505000 19.9
510000 25.7
515000 22.4
520000 25.5
525000 24.8
530000 25.4
535000 23.2
540000 26.3
545000 24.7
550000 22.4
555000 26.2
560000 26.0
565000 19.5
570000 28.1
575000 26.8
580000 22.4
585000 15.8
590000 29.8
595000 22.9
600000 23.7
605000 22.8
610000 25.9
615000 22.3
620000 22.6
625000 18.5
630000 26.1
635000 31.5
640000 22.2
645000 30.1
650000 25.6
655000 23.1
660000 21.6
665000 19.1
670000 37.4
675000 22.8
680000 25.7
685000 12.9
690000 26.1
695000 23.5
700000 24.5
705000 22.4
710000 28.7
715000 22.3
720000 23.9
725000 23.0
730000 27.4
735000 22.5
740000 18.5
745000 22.0
750000 24.3
755000 21.4
760000 22.5
765000 13.4
770000 25.8
775000 21.9
780000 19.2
785000 16.7
790000 30.8
795000 23.4
800000 24.1
805000 17.9
810000 23.0
815000 26.8
820000 21.6
825000 12.5
830000 26.0
835000 22.5
840000 23.4
845000 20.4
850000 25.7
855000 23.2
860000 24.2
865000 19.0
870000 22.4
875000 24.1
880000 27.0
885000 22.4
890000 31.6
895000 23.0
900000 23.5
905000 23.9
910000 24.5
915000 22.3
920000 24.0
925000 18.1
930000 22.6
935000 26.9
940000 24.4
945000 15.2
950000 36.1
955000 22.9
960000 21.0
965000 19.9
970000 26.3
975000 22.6
980000 24.7
985000 19.4
990000 29.0
995000 22.2
1000000 25.1
1005000 19.1
1010000 27.8
1015000 22.5
1020000 24.2
1025000 26.2
1030000 29.2
1035000 24.8
1040000 23.0
1045000 23.9
1050000 22.1
1055000 22.1
1060000 23.0
1065000 29.7
1070000 23.9
1075000 27.2
1080000 19.8
1085000 18.8
1090000 22.4
1095000 23.1
1100000 22.6
1105000 22.4
1110000 25.1
1115000 24.2
1120000 25.2
1125000 24.3
1130000 32.5
1135000 23.3
1140000 29.0
1145000 16.9
1150000 35.3
1155000 22.8
1160000 20.6
1165000 19.1
1170000 25.9
1175000 22.8
1180000 16.1
1185000 29.5
1190000 35.5
1195000 23.6
1200000 27.8
1205000 18.7
1210000 24.4
1215000 26.2
1220000 21.5
1225000 23.0
1230000 27.2
1235000 23.1
1240000 25.5
1245000 17.5
1250000 28.0
1255000 22.7
1260000 21.2
1265000 21.2
1270000 27.9
1275000 23.4
1280000 26.2
1285000 26.2
1290000 32.6
1295000 23.2
1300000 22.0
1305000 26.4
1310000 25.7
1315000 22.5
1320000 22.9
1325000 17.4
1330000 26.6
1335000 21.6
1340000 24.3
1345000 35.4
1350000 24.6
1355000 22.3
1360000 26.0
1365000 18.2
1370000 33.3
1375000 24.0
1380000 22.4
1385000 24.2
1390000 27.8
1395000 22.6
1400000 25.8
1405000 23.0
1410000 22.9
1415000 23.7
1420000 26.7
1425000 18.4
1430000 22.6
1435000 23.4
1440000 24.3
1445000 30.0
1450000 24.4
1455000 24.7
1460000 25.5
1465000 20.3
1470000 26.3
1475000 22.6
1480000 25.4
1485000 18.7
1490000 29.1
1495000 21.1
1500000 16.7
1505000 18.3
1510000 26.6
1515000 22.4
1520000 24.9
1525000 21.9
1530000 27.7
1535000 23.5
1540000 22.1
1545000 26.4
1550000 24.4
1555000 21.2
1560000 20.4
1565000 21.0
1570000 22.2
1575000 23.8
1580000 19.9
1585000 28.9
1590000 29.7
1595000 23.0
1600000 22.6
1605000 19.7
1610000 25.9
1615000 22.6
1620000 32.7
1625000 14.3
1630000 24.1
1635000 23.4
1640000 22.6
1645000 24.6
1650000 22.7
1655000 23.0
1660000 24.4
1665000 21.1
1670000 30.6
1675000 22.7
1680000 30.0
1685000 21.3
1690000 22.5
1695000 22.4
1700000 25.6
1705000 23.3
1710000 24.6
1715000 23.1
1720000 23.0
1725000 19.6
1730000 25.3
1735000 23.7
1740000 22.6
1745000 20.6
1750000 22.4
1755000 22.2
1760000 23.7
1765000 21.4
1770000 25.3
1775000 22.2
1780000 27.0
1785000 23.7
1790000 22.9
1795000 28.1
1800000 24.3
1805000 22.5
1810000 22.3
1815000 22.7
1820000 20.8
1825000 17.8
1830000 25.9
1835000 23.4
1840000 22.9
1845000 17.9
1850000 22.4
1855000 22.5
1860000 20.3
1865000 23.9
1870000 22.5
1875000 22.8
1880000 22.3
1885000 22.6
1890000 22.2
1895000 22.8
1900000 24.6
1905000 22.6
1910000 32.9
1915000 22.8
1920000 20.6
1925000 17.6
1930000 24.4
1935000 22.7
1940000 24.8
1945000 19.0
1950000 22.5
1955000 19.5
1960000 21.2
1965000 16.3
1970000 23.8
1975000 22.4
1980000 24.3
1985000 20.1
1990000 21.2
1995000 23.2
2000000 21.2
