5000 16.6
10000 18.7
15000 19.6
20000 25.1
25000 26.1
30000 29.0
35000 26.0
40000 29.8
45000 19.2
50000 39.0
55000 47.5
60000 37.0
65000 46.3
70000 45.2
75000 121.2
80000 146.0
85000 168.2
90000 206.2
95000 259.8
100000 292.0
105000 399.6
110000 405.4
115000 458.7
120000 484.5
125000 485.9
130000 504.0
135000 549.2
140000 550.9
145000 568.7
150000 571.1
155000 585.6
160000 579.8
165000 608.5
170000 545.0
175000 606.0
180000 590.5
185000 628.8
190000 609.9
195000 620.1
200000 636.0
205000 641.0
210000 650.8
215000 659.0
220000 653.5
225000 641.2
230000 669.6
235000 669.3
240000 670.8
245000 677.9
250000 681.9
255000 667.0
260000 667.6
265000 691.3
270000 684.7
275000 687.5
280000 678.3
285000 694.6
290000 683.9
295000 697.5
300000 694.9
305000 695.2
310000 690.8
315000 700.2
320000 691.4
325000 705.0
330000 698.7
335000 713.0
340000 630.2
345000 710.9
350000 705.2
355000 728.6
360000 700.6
365000 714.0
370000 715.9
375000 717.0
380000 718.2
385000 735.2
390000 721.5
395000 709.6
400000 729.7
405000 714.0
410000 723.8
415000 718.1
420000 730.7
425000 728.2
430000 723.8
435000 728.1
440000 736.2
445000 735.6
450000 738.1
455000 732.5
460000 731.9
465000 734.0
470000 732.8
475000 730.8
480000 735.9
485000 745.7
490000 735.5
495000 736.8
500000 738.0
505000 735.1
510000 735.0
515000 742.6
520000 749.4
525000 739.4
530000 742.3
535000 743.3
540000 744.0
545000 757.5
550000 748.3
555000 763.1
560000 748.9
565000 755.2
570000 755.6
575000 755.7
580000 756.7
585000 759.3
590000 756.2
595000 753.6
600000 750.1
605000 761.6
610000 763.3
615000 759.3
620000 763.2
625000 763.1
630000 768.4
635000 774.2
640000 768.1
645000 764.0
650000 770.2
655000 758.3
660000 777.8
665000 760.7
670000 776.8
675000 755.1
680000 774.8
685000 771.0
690000 757.8
695000 767.4
700000 765.6
705000 777.9
710000 775.4
715000 772.3
720000 778.1
725000 774.2
730000 771.4
735000 765.6
740000 767.3
745000 767.7
750000 772.5
755000 765.7
760000 776.8
765000 772.0
770000 781.1
775000 784.7
780000 777.1
785000 775.5
790000 771.7
795000 772.9
800000 772.1
805000 777.5
810000 781.5
815000 775.9
820000 771.2
825000 773.3
830000 775.1
835000 779.3
840000 771.2
845000 782.3
850000 776.6
855000 785.8
860000 781.2
865000 788.2
870000 788.8
875000 779.4
880000 779.3
885000 776.1
890000 789.7
895000 792.1
900000 781.4
905000 792.9
910000 780.2
915000 787.4
920000 784.4
925000 779.2
930000 784.6
935000 781.8
940000 789.8
945000 791.7
950000 775.8
955000 784.7
960000 786.8
965000 801.1
970000 784.7
975000 788.9
980000 782.7
985000 786.9
990000 781.7
995000 793.5
1000000 785.8
1005000 787.2
1010000 788.7
1015000 790.1
1020000 794.7
1025000 800.1
1030000 788.9
1035000 801.4
1040000 791.1
1045000 800.8
1050000 794.6
1055000 790.6
1060000 795.9
1065000 791.2
1070000 802.6
1075000 795.2
1080000 801.7
1085000 792.6
1090000 793.3
1095000 792.6
1100000 794.5
1105000 795.4
1110000 795.5
1115000 798.0
1120000 793.5
1125000 798.0
1130000 792.0
1135000 796.6
1140000 790.9
1145000 803.8
1150000 810.9
1155000 800.7
1160000 807.9
1165000 797.2
1170000 809.0
1175000 800.1
1180000 814.4
1185000 809.8
1190000 802.6
1195000 814.5
1200000 810.5
1205000 802.5
1210000 812.9
1215000 806.1
1220000 804.7
1225000 804.0
1230000 804.0
1235000 806.9
1240000 814.3
1245000 814.6
1250000 816.6
1255000 808.0
1260000 802.3
1265000 810.1
1270000 803.7
1275000 798.7
1280000 815.5
1285000 815.8
1290000 806.1
1295000 810.6
1300000 810.5
1305000 813.0
1310000 811.0
1315000 811.6
1320000 809.3
1325000 813.7
1330000 800.9
1335000 817.8
1340000 810.9
1345000 804.7
1350000 808.2
1355000 820.7
1360000 806.4
1365000 744.0
1370000 801.6
1375000 816.9
1380000 818.0
1385000 817.4
1390000 815.2
1395000 820.9
1400000 728.0
1405000 799.4
1410000 816.1
1415000 808.7
1420000 804.1
1425000 807.0
1430000 805.0
1435000 817.1
1440000 817.4
1445000 812.7
1450000 796.8
1455000 817.1
1460000 814.1
1465000 817.8
1470000 806.6
1475000 797.7
1480000 812.8
1485000 808.0
1490000 816.3
1495000 820.2
1500000 813.5
1505000 814.8
1510000 810.4
1515000 817.3
1520000 807.4
1525000 819.9
1530000 813.3
1535000 806.8
1540000 810.0
1545000 816.1
1550000 811.4
1555000 811.5
1560000 818.5
1565000 815.3
1570000 810.9
1575000 809.4
1580000 820.1
1585000 810.1
1590000 807.9
1595000 820.6
1600000 805.4
1605000 808.3
1610000 817.2
1615000 812.8
1620000 817.3
1625000 816.9
1630000 812.1
1635000 811.4
1640000 820.5
1645000 814.2
1650000 820.3
1655000 814.1
1660000 818.8
1665000 811.9
1670000 806.8
1675000 820.4
1680000 809.2
1685000 814.7
1690000 819.8
1695000 819.4
1700000 812.3
1705000 818.8
1710000 816.9
1715000 818.6
1720000 821.5
1725000 821.5
1730000 816.5
1735000 814.9
1740000 818.3
1745000 813.7
1750000 820.9
1755000 825.7
1760000 814.3
1765000 810.1
1770000 817.4
1775000 803.9
1780000 821.8
1785000 813.6
1790000 814.8
1795000 821.3
1800000 818.1
1805000 817.1
1810000 812.4
1815000 823.4
1820000 821.2
1825000 820.4
1830000 817.0
1835000 819.4
1840000 815.7
1845000 808.4
1850000 817.9
1855000 828.5
1860000 815.3
1865000 820.0
1870000 821.1
1875000 822.8
1880000 815.6
1885000 805.9
1890000 810.4
1895000 821.5
1900000 823.1
1905000 824.5
1910000 810.2
1915000 820.4
1920000 818.2
1925000 819.1
1930000 823.4
1935000 822.7
1940000 819.4
1945000 811.3
1950000 813.6
1955000 820.0
1960000 814.9
1965000 822.1
1970000 819.7
1975000 805.6
1980000 821.6
1985000 817.3
1990000 806.4
1995000 811.5
2000000 813.6
