5000 25.6
10000 26.7
15000 20.6
20000 26.0
25000 26.0
30000 21.5
35000 25.7
40000 45.3
45000 61.7
50000 43.4
55000 53.8
60000 72.1
65000 71.3
70000 93.5
75000 189.4
80000 327.5
85000 311.0
90000 385.4
95000 469.2
100000 488.0
105000 497.8
110000 520.2
115000 519.1
120000 559.6
125000 565.8
130000 541.9
135000 554.3
140000 612.0
145000 611.7
150000 607.3
155000 629.6
160000 652.6
165000 638.4
170000 648.1
175000 658.1
180000 677.2
185000 671.8
190000 658.2
195000 664.6
200000 687.6
205000 699.9
210000 703.9
215000 700.8
220000 704.7
225000 700.8
230000 715.1
235000 701.1
240000 723.9
245000 710.1
250000 703.5
255000 727.8
260000 731.5
265000 733.0
270000 732.3
275000 732.6
280000 745.1
285000 738.8
290000 741.7
295000 743.6
300000 731.5
305000 746.9
310000 741.8
315000 733.6
320000 751.1
325000 743.0
330000 750.5
335000 744.5
340000 752.4
345000 753.7
350000 759.0
355000 693.4
360000 753.5
365000 767.2
370000 750.0
375000 760.4
380000 757.9
385000 758.1
390000 757.8
395000 767.2
400000 765.5
405000 755.4
410000 761.1
415000 768.8
420000 779.7
425000 762.2
430000 772.0
435000 752.2
440000 769.3
445000 763.5
450000 771.3
455000 768.0
460000 769.2
465000 781.9
470000 782.4
475000 770.1
480000 765.6
485000 773.7
490000 780.5
495000 770.3
500000 773.8
505000 781.2
510000 768.1
515000 784.5
520000 776.3
525000 787.9
530000 772.3
535000 781.8
540000 768.6
545000 771.1
550000 786.1
555000 788.2
560000 774.3
565000 780.7
570000 781.2
575000 781.3
580000 789.2
585000 789.1
590000 777.9
595000 784.5
600000 785.3
605000 778.4
610000 794.4
615000 790.6
620000 789.1
625000 795.1
630000 792.6
635000 798.8
640000 789.0
645000 800.8
650000 795.9
655000 794.0
660000 793.2
665000 792.9
670000 797.9
675000 792.7
680000 796.8
685000 791.2
690000 796.9
695000 796.0
700000 791.1
705000 799.9
710000 784.3
715000 794.9
720000 793.6
725000 801.7
730000 804.0
735000 793.9
740000 801.7
745000 794.5
750000 797.7
755000 800.6
760000 803.1
765000 796.0
770000 787.6
775000 796.4
780000 806.7
785000 799.5
790000 803.4
795000 790.5
800000 799.4
805000 790.0
810000 806.2
815000 802.0
820000 787.2
825000 798.8
830000 804.0
835000 793.3
840000 807.8
845000 803.7
850000 808.8
855000 815.8
860000 795.6
865000 807.5
870000 791.1
875000 805.0
880000 802.2
885000 803.1
890000 797.9
895000 813.6
900000 796.5
905000 802.4
910000 800.0
915000 802.9
920000 805.6
925000 803.9
930000 799.5
935000 790.3
940000 808.0
945000 803.5
950000 804.9
955000 800.8
960000 797.7
965000 801.4
970000 800.7
975000 807.1
980000 799.3
985000 804.1
990000 801.9
995000 800.8
1000000 807.6
1005000 806.2
1010000 807.2
1015000 802.0
1020000 801.1
1025000 813.1
1030000 805.3
1035000 814.5
1040000 808.3
1045000 807.9
1050000 806.7
1055000 802.6
1060000 801.4
1065000 799.8
1070000 805.1
1075000 812.0
1080000 809.1
1085000 799.9
1090000 810.3
1095000 803.6
1100000 804.6
1105000 808.6
1110000 816.5
1115000 807.9
1120000 815.2
1125000 807.7
1130000 814.0
1135000 807.5
1140000 799.2
1145000 801.5
1150000 806.4
1155000 801.9
1160000 809.4
1165000 807.6
1170000 806.8
1175000 810.2
1180000 811.5
1185000 808.6
1190000 799.5
1195000 814.9
1200000 811.9
1205000 815.5
1210000 806.8
1215000 808.0
1220000 812.7
1225000 817.9
1230000 809.9
1235000 805.4
1240000 817.3
1245000 803.9
1250000 814.6
1255000 812.7
1260000 815.3
1265000 808.6
1270000 801.8
1275000 811.3
1280000 814.0
1285000 807.2
1290000 813.9
1295000 806.3
1300000 810.5
1305000 822.4
1310000 814.3
1315000 812.0
1320000 816.1
1325000 819.9
1330000 812.5
1335000 816.8
1340000 806.3
1345000 810.1
1350000 809.9
1355000 813.7
1360000 816.3
1365000 818.1
1370000 816.3
1375000 811.4
1380000 809.5
1385000 816.5
1390000 815.8
1395000 812.5
1400000 823.0
1405000 816.2
1410000 812.2
1415000 814.8
1420000 809.6
1425000 807.9
1430000 825.6
1435000 821.2
1440000 814.0
1445000 810.4
1450000 814.1
1455000 817.1
1460000 815.0
1465000 819.1
1470000 810.9
1475000 819.8
1480000 810.3
1485000 817.4
1490000 813.8
1495000 803.6
1500000 814.8
1505000 823.8
1510000 811.2
1515000 815.1
1520000 820.8
1525000 817.3
1530000 810.5
1535000 828.1
1540000 824.1
1545000 818.2
1550000 810.0
1555000 818.1
1560000 819.1
1565000 816.1
1570000 826.5
1575000 818.5
1580000 802.7
1585000 817.6
1590000 817.5
1595000 815.1
1600000 815.6
1605000 811.0
1610000 820.7
1615000 822.9
1620000 815.2
1625000 817.7
1630000 811.5
1635000 820.6
1640000 822.4
1645000 819.2
1650000 818.9
1655000 826.0
1660000 819.4
1665000 810.1
1670000 822.1
1675000 811.5
1680000 821.0
1685000 820.1
1690000 822.7
1695000 820.3
1700000 815.6
1705000 820.9
1710000 815.3
1715000 823.0
1720000 820.4
1725000 820.6
1730000 821.8
1735000 805.0
1740000 817.4
1745000 819.7
1750000 825.1
1755000 825.3
1760000 818.7
1765000 819.9
1770000 817.6
1775000 813.6
1780000 819.9
1785000 822.3
1790000 816.2
1795000 818.1
1800000 825.8
1805000 818.3
1810000 825.9
1815000 820.5
1820000 825.7
1825000 814.7
1830000 822.4
1835000 825.8
1840000 825.5
1845000 821.6
1850000 817.7
1855000 821.1
1860000 816.6
1865000 830.8
1870000 821.4
1875000 822.2
1880000 816.8
1885000 821.6
1890000 813.8
1895000 819.2
1900000 821.2
1905000 811.9
1910000 819.7
1915000 823.2
1920000 812.3
1925000 821.2
1930000 822.2
1935000 821.7
1940000 818.9
1945000 821.3
1950000 827.9
1955000 826.6
1960000 821.3
1965000 822.7
1970000 818.8
1975000 824.0
1980000 826.7
1985000 820.6
1990000 823.0
1995000 827.0
2000000 816.6
