5000 22.4
10000 23.1
15000 22.4
20000 22.1
25000 24.9
30000 27.0
35000 19.8
40000 21.8
45000 58.0
50000 44.5
55000 61.7
60000 38.1
65000 44.4
70000 95.5
75000 174.0
80000 214.1
85000 282.9
90000 364.5
95000 440.1
100000 436.4
105000 480.7
110000 484.7
115000 520.1
120000 532.8
125000 542.3
130000 574.2
135000 568.7
140000 582.9
145000 599.5
150000 597.3
155000 623.9
160000 617.9
165000 628.1
170000 621.2
175000 633.2
180000 638.0
185000 636.5
190000 633.4
195000 638.4
200000 659.3
205000 628.5
210000 661.5
215000 657.7
220000 647.7
225000 663.7
230000 662.1
235000 676.6
240000 657.6
245000 680.3
250000 664.1
255000 679.1
260000 667.8
265000 677.8
270000 684.3
275000 692.9
280000 684.6
285000 689.2
290000 677.4
295000 696.0
300000 701.0
305000 679.9
310000 701.5
315000 709.5
320000 668.1
325000 691.3
330000 674.3
335000 702.1
340000 714.6
345000 689.5
350000 687.3
355000 695.3
360000 695.2
365000 694.2
370000 673.0
375000 702.3
380000 691.8
385000 706.0
390000 692.3
395000 710.9
400000 710.6
405000 716.6
410000 708.0
415000 724.6
420000 703.8
425000 709.3
430000 708.9
435000 716.7
440000 726.8
445000 709.3
450000 718.5
455000 726.1
460000 706.8
465000 724.7
470000 734.2
475000 732.2
480000 733.5
485000 724.8
490000 724.6
495000 732.6
500000 716.4
505000 725.3
510000 735.2
515000 734.5
520000 737.1
525000 741.0
530000 742.9
535000 705.7
540000 725.0
545000 722.1
550000 744.1
555000 751.8
560000 741.0
565000 745.7
570000 747.3
575000 738.7
580000 746.3
585000 729.0
590000 737.9
595000 738.1
600000 738.8
605000 733.8
610000 725.9
615000 738.8
620000 748.1
625000 741.6
630000 734.5
635000 731.1
640000 749.0
645000 748.1
650000 751.1
655000 746.6
660000 736.9
665000 751.9
670000 742.6
675000 758.3
680000 746.0
685000 740.8
690000 752.9
695000 745.1
700000 737.6
705000 746.0
710000 742.3
715000 755.6
720000 747.5
725000 753.5
730000 754.0
735000 742.6
740000 736.4
745000 756.1
750000 743.5
755000 753.6
760000 748.8
765000 760.3
770000 760.3
775000 743.7
780000 740.0
785000 752.1
790000 760.1
795000 762.6
800000 746.4
805000 751.8
810000 757.9
815000 757.8
820000 755.1
825000 754.0
830000 753.6
835000 751.5
840000 746.0
845000 760.2
850000 751.6
855000 755.4
860000 754.2
865000 752.9
870000 676.2
875000 764.4
880000 762.6
885000 760.1
890000 764.9
895000 766.6
900000 763.0
905000 774.8
910000 762.7
915000 757.0
920000 759.6
925000 765.3
930000 758.3
935000 768.3
940000 766.4
945000 758.5
950000 757.8
955000 760.9
960000 757.6
965000 760.5
970000 767.3
975000 759.2
980000 766.4
985000 775.9
990000 762.6
995000 758.3
1000000 758.3
1005000 774.3
1010000 767.7
1015000 773.6
1020000 766.2
1025000 770.5
1030000 771.7
1035000 772.1
1040000 775.7
1045000 772.2
1050000 774.7
1055000 767.7
1060000 771.4
1065000 773.5
1070000 773.5
1075000 773.6
1080000 775.7
1085000 771.7
1090000 783.3
1095000 780.9
1100000 778.4
1105000 777.2
1110000 771.4
1115000 781.8
1120000 772.5
1125000 784.1
1130000 783.4
1135000 772.0
1140000 778.8
1145000 778.0
1150000 776.2
1155000 778.4
1160000 791.8
1165000 782.0
1170000 780.0
1175000 786.0
1180000 781.6
1185000 786.4
1190000 789.0
1195000 778.7
1200000 781.5
1205000 786.6
1210000 776.2
1215000 783.1
1220000 784.5
1225000 792.8
1230000 786.7
1235000 783.3
1240000 788.0
1245000 786.3
1250000 781.6
1255000 797.9
1260000 789.2
1265000 787.8
1270000 790.7
1275000 779.8
1280000 790.1
1285000 781.7
1290000 790.3
1295000 799.5
1300000 789.9
1305000 790.1
1310000 795.3
1315000 790.2
1320000 791.7
1325000 792.8
1330000 788.3
1335000 789.8
1340000 794.6
1345000 794.6
1350000 787.3
1355000 798.8
1360000 796.8
1365000 798.2
1370000 796.9
1375000 787.8
1380000 804.9
1385000 797.9
1390000 709.5
1395000 800.5
1400000 807.1
1405000 796.0
1410000 790.0
1415000 801.0
1420000 797.2
1425000 795.8
1430000 796.1
1435000 793.8
1440000 802.2
1445000 800.3
1450000 806.2
1455000 803.2
1460000 800.6
1465000 795.7
1470000 793.1
1475000 798.9
1480000 806.1
1485000 803.4
1490000 809.2
1495000 804.3
1500000 802.9
1505000 807.3
1510000 805.3
1515000 797.7
1520000 807.3
1525000 803.4
1530000 806.5
1535000 801.5
1540000 806.3
1545000 803.2
1550000 808.7
1555000 810.3
1560000 808.6
1565000 801.3
1570000 794.1
1575000 807.4
1580000 803.3
1585000 798.9
1590000 808.1
1595000 796.6
1600000 808.6
1605000 805.6
1610000 810.6
1615000 808.3
1620000 801.6
1625000 798.1
1630000 812.8
1635000 797.4
1640000 811.3
1645000 810.0
1650000 809.9
1655000 805.4
1660000 810.4
1665000 813.8
1670000 810.0
1675000 819.1
1680000 815.5
1685000 812.0
1690000 807.1
1695000 814.2
1700000 822.4
1705000 796.4
1710000 818.1
1715000 820.0
1720000 807.8
1725000 809.9
1730000 815.1
1735000 815.3
1740000 816.4
1745000 815.6
1750000 814.5
1755000 817.0
1760000 810.9
1765000 814.6
1770000 814.6
1775000 821.2
1780000 816.9
1785000 819.1
1790000 812.2
1795000 818.3
1800000 819.1
1805000 818.7
1810000 818.5
1815000 821.5
1820000 814.7
1825000 810.0
1830000 814.6
1835000 816.1
1840000 819.6
1845000 818.3
1850000 828.9
1855000 819.6
1860000 812.8
1865000 817.6
1870000 821.1
1875000 814.0
1880000 823.5
1885000 822.1
1890000 816.9
1895000 817.8
1900000 822.3
1905000 815.6
1910000 815.5
1915000 812.7
1920000 829.8
1925000 821.0
1930000 822.6
1935000 814.0
1940000 816.9
1945000 814.6
1950000 826.7
1955000 828.5
1960000 815.8
1965000 817.1
1970000 820.4
1975000 816.0
1980000 829.0
1985000 816.4
1990000 823.7
1995000 826.6
2000000 824.1
