5000 22.3
10000 24.4
15000 27.5
20000 26.4
25000 23.1
30000 25.8
35000 25.0
40000 27.3
45000 44.4
50000 21.0
55000 88.3
60000 36.5
65000 49.6
70000 89.4
75000 130.1
80000 144.0
85000 172.1
90000 333.9
95000 345.4
100000 391.9
105000 407.7
110000 401.6
115000 450.6
120000 449.3
125000 496.1
130000 512.1
135000 555.5
140000 565.5
145000 561.6
150000 596.3
155000 606.9
160000 611.1
165000 630.9
170000 629.4
175000 619.4
180000 630.2
185000 633.6
190000 625.5
195000 649.5
200000 639.9
205000 661.7
210000 644.0
215000 668.1
220000 667.0
225000 653.4
230000 672.0
235000 671.7
240000 651.3
245000 687.9
250000 681.1
255000 682.9
260000 690.4
265000 685.0
270000 682.7
275000 694.8
280000 694.7
285000 702.4
290000 706.9
295000 664.7
300000 677.9
305000 705.2
310000 711.6
315000 712.9
320000 711.0
325000 715.9
330000 719.7
335000 709.3
340000 716.0
345000 718.4
350000 722.2
355000 710.7
360000 731.9
365000 707.0
370000 727.6
375000 726.0
380000 719.8
385000 737.5
390000 732.0
395000 710.1
400000 729.2
405000 723.8
410000 726.8
415000 741.6
420000 739.3
425000 744.7
430000 738.7
435000 735.9
440000 730.9
445000 753.1
450000 739.8
455000 746.6
460000 744.4
465000 738.3
470000 740.6
475000 754.4
480000 741.0
485000 735.3
490000 749.9
495000 743.0
500000 745.5
505000 748.4
510000 754.6
515000 764.2
520000 762.4
525000 754.3
530000 757.4
535000 749.3
540000 753.7
545000 760.1
550000 761.0
555000 762.4
560000 753.3
565000 772.8
570000 767.5
575000 768.6
580000 770.0
585000 770.4
590000 764.0
595000 762.2
600000 765.5
605000 771.7
610000 773.4
615000 770.9
620000 719.8
625000 767.5
630000 763.4
635000 768.4
640000 768.6
645000 770.0
650000 779.5
655000 766.2
660000 764.8
665000 769.1
670000 776.4
675000 771.4
680000 771.4
685000 772.2
690000 765.1
695000 768.1
700000 766.4
705000 773.0
710000 768.8
715000 779.4
720000 780.5
725000 776.4
730000 769.3
735000 780.6
740000 776.2
745000 770.5
750000 777.7
755000 781.5
760000 777.1
765000 632.8
770000 777.5
775000 780.5
780000 773.2
785000 776.9
790000 782.4
795000 779.3
800000 773.4
805000 774.8
810000 790.4
815000 773.6
820000 770.1
825000 792.8
830000 780.3
835000 771.9
840000 785.0
845000 774.2
850000 780.8
855000 785.6
860000 780.5
865000 793.3
870000 788.7
875000 789.9
880000 784.0
885000 778.4
890000 780.4
895000 793.7
900000 790.8
905000 785.2
910000 782.9
915000 784.8
920000 780.3
925000 791.0
930000 786.9
935000 786.8
940000 789.9
945000 791.4
950000 787.2
955000 785.8
960000 785.1
965000 796.8
970000 791.6
975000 789.2
980000 782.8
985000 791.1
990000 785.3
995000 787.6
1000000 793.7
1005000 787.0
1010000 784.8
1015000 789.0
1020000 799.3
1025000 787.9
1030000 783.1
1035000 792.0
1040000 795.6
1045000 793.5
1050000 792.5
1055000 790.3
1060000 791.0
1065000 797.2
1070000 786.7
1075000 789.3
1080000 790.4
1085000 801.2
1090000 790.1
1095000 785.8
1100000 793.7
1105000 791.6
1110000 784.6
1115000 735.4
1120000 795.4
1125000 793.1
1130000 797.2
1135000 794.2
1140000 800.1
1145000 805.0
1150000 792.6
1155000 805.1
1160000 798.3
1165000 805.3
1170000 803.0
1175000 803.9
1180000 804.0
1185000 796.5
1190000 801.9
1195000 803.2
1200000 796.9
1205000 808.3
1210000 790.7
1215000 801.4
1220000 804.8
1225000 800.7
1230000 729.7
1235000 806.6
1240000 808.1
1245000 812.7
1250000 809.8
1255000 805.7
1260000 806.0
1265000 801.7
1270000 798.0
1275000 794.9
1280000 802.0
1285000 806.5
1290000 811.0
1295000 805.6
1300000 806.3
1305000 800.9
1310000 806.9
1315000 811.6
1320000 801.8
1325000 810.5
1330000 809.5
1335000 806.3
1340000 810.3
1345000 809.1
1350000 811.1
1355000 811.0
1360000 807.6
1365000 812.7
1370000 816.1
1375000 805.8
1380000 808.6
1385000 812.3
1390000 804.3
1395000 811.2
1400000 807.9
1405000 812.7
1410000 809.2
1415000 803.0
1420000 817.6
1425000 810.3
1430000 812.0
1435000 813.5
1440000 807.3
1445000 811.7
1450000 810.3
1455000 807.4
1460000 806.4
1465000 813.3
1470000 809.5
1475000 811.6
1480000 801.2
1485000 810.7
1490000 802.9
1495000 817.0
1500000 814.1
1505000 820.9
1510000 814.3
1515000 813.6
1520000 818.7
1525000 813.8
1530000 811.5
1535000 818.6
1540000 813.0
1545000 806.1
1550000 809.7
1555000 817.2
1560000 817.2
1565000 808.7
1570000 809.9
1575000 819.7
1580000 818.1
1585000 818.0
1590000 814.9
1595000 816.5
1600000 812.1
1605000 814.6
1610000 819.8
1615000 821.5
1620000 813.4
1625000 808.8
1630000 805.2
1635000 816.4
1640000 813.3
1645000 808.1
1650000 813.4
1655000 819.6
1660000 814.0
1665000 808.5
1670000 813.0
1675000 805.8
1680000 819.8
1685000 814.0
1690000 805.3
1695000 813.6
1700000 814.5
1705000 815.3
1710000 811.3
1715000 818.2
1720000 810.6
1725000 812.3
1730000 813.8
1735000 805.3
1740000 804.5
1745000 801.6
1750000 811.0
1755000 812.4
1760000 817.7
1765000 810.5
1770000 820.8
1775000 816.2
1780000 809.9
1785000 811.4
1790000 815.5
1795000 816.2
1800000 812.7
1805000 818.7
1810000 813.3
1815000 815.6
1820000 817.3
1825000 816.3
1830000 816.4
1835000 813.0
1840000 808.2
1845000 811.9
1850000 816.9
1855000 810.0
1860000 815.0
1865000 814.8
1870000 814.4
1875000 811.7
1880000 816.3
1885000 814.9
1890000 813.3
1895000 812.3
1900000 812.0
1905000 814.7
1910000 816.7
1915000 814.1
1920000 820.1
1925000 818.2
1930000 821.2
1935000 809.3
1940000 814.8
1945000 809.5
1950000 811.6
1955000 815.2
1960000 811.9
1965000 817.2
1970000 824.0
1975000 814.9
1980000 816.0
1985000 815.1
1990000 804.4
1995000 816.6
2000000 816.8
