5000 26.6
10000 27.2
15000 22.6
20000 33.8
25000 25.6
30000 26.2
35000 22.5
40000 49.6
45000 24.9
50000 45.3
55000 41.9
60000 44.3
65000 72.8
70000 137.7
75000 143.8
80000 149.9
85000 344.1
90000 403.0
95000 423.3
100000 465.6
105000 466.8
110000 477.5
115000 516.2
120000 567.1
125000 573.5
130000 608.6
135000 609.1
140000 630.2
145000 606.0
150000 633.6
155000 626.4
160000 643.9
165000 654.7
170000 657.0
175000 649.8
180000 666.6
185000 638.1
190000 683.1
195000 667.3
200000 682.2
205000 693.5
210000 651.8
215000 628.4
220000 687.6
225000 628.3
230000 672.1
235000 667.5
240000 689.6
245000 696.5
250000 694.8
255000 696.0
260000 705.6
265000 693.7
270000 715.1
275000 708.7
280000 714.0
285000 712.4
290000 700.4
295000 720.5
300000 733.5
305000 714.2
310000 722.8
315000 716.6
320000 714.5
325000 723.7
330000 729.1
335000 716.6
340000 707.9
345000 726.5
350000 717.9
355000 729.3
360000 706.7
365000 737.8
370000 738.9
375000 719.2
380000 726.3
385000 730.4
390000 724.0
395000 737.9
400000 728.4
405000 727.0
410000 728.5
415000 734.0
420000 731.8
425000 730.9
430000 743.1
435000 726.2
440000 736.1
445000 730.0
450000 748.8
455000 744.0
460000 736.9
465000 758.0
470000 753.4
475000 748.8
480000 736.4
485000 763.3
490000 759.1
495000 755.1
500000 774.2
505000 769.1
510000 774.3
515000 762.9
520000 773.6
525000 778.2
530000 775.1
535000 772.2
540000 763.6
545000 762.4
550000 769.8
555000 769.8
560000 766.3
565000 749.8
570000 765.0
575000 765.9
580000 772.0
585000 776.1
590000 788.0
595000 784.6
600000 777.8
605000 767.0
610000 777.9
615000 767.8
620000 773.8
625000 777.6
630000 784.2
635000 792.1
640000 781.4
645000 789.5
650000 792.3
655000 795.7
660000 762.7
665000 793.4
670000 769.1
675000 780.8
680000 791.5
685000 793.5
690000 790.4
695000 794.1
700000 787.6
705000 774.1
710000 791.0
715000 781.8
720000 790.8
725000 782.1
730000 786.5
735000 798.3
740000 782.7
745000 795.3
750000 803.7
755000 785.6
760000 796.0
765000 797.2
770000 795.6
775000 790.8
780000 800.7
785000 797.4
790000 797.4
795000 793.3
800000 782.2
805000 790.9
810000 802.3
815000 791.2
820000 797.6
825000 796.3
830000 794.3
835000 796.5
840000 801.3
845000 802.4
850000 798.0
855000 798.0
860000 798.8
865000 790.3
870000 796.0
875000 802.7
880000 792.2
885000 805.4
890000 807.6
895000 803.4
900000 810.3
905000 806.3
910000 807.5
915000 811.6
920000 808.9
925000 810.6
930000 799.0
935000 796.2
940000 799.6
945000 806.9
950000 806.6
955000 802.6
960000 802.1
965000 812.1
970000 805.6
975000 798.6
980000 813.6
985000 796.4
990000 804.1
995000 803.4
1000000 807.1
1005000 808.2
1010000 809.4
1015000 808.4
1020000 804.4
1025000 814.7
1030000 808.1
1035000 802.3
1040000 800.5
1045000 804.2
1050000 805.9
1055000 807.0
1060000 812.4
1065000 801.9
1070000 815.4
1075000 810.8
1080000 810.2
1085000 805.1
1090000 814.9
1095000 806.5
1100000 803.2
1105000 809.4
1110000 816.5
1115000 814.4
1120000 811.2
1125000 811.2
1130000 812.3
1135000 820.8
1140000 813.6
1145000 815.0
1150000 807.0
1155000 802.2
1160000 814.2
1165000 814.5
1170000 810.4
1175000 818.0
1180000 810.0
1185000 812.4
1190000 807.4
1195000 823.7
1200000 818.2
1205000 812.6
1210000 790.0
1215000 783.6
1220000 816.4
1225000 821.1
1230000 806.4
1235000 825.8
1240000 819.2
1245000 816.0
1250000 818.6
1255000 814.3
1260000 810.1
1265000 825.5
1270000 817.1
1275000 818.3
1280000 815.3
1285000 819.7
1290000 821.6
1295000 826.0
1300000 815.1
1305000 822.3
1310000 816.3
1315000 815.3
1320000 805.4
1325000 819.7
1330000 820.9
1335000 818.7
1340000 809.4
1345000 822.2
1350000 812.9
1355000 824.4
1360000 825.3
1365000 816.5
1370000 815.2
1375000 819.4
1380000 815.8
1385000 820.2
1390000 820.0
1395000 818.3
1400000 809.9
1405000 818.0
1410000 819.2
1415000 819.1
1420000 812.6
1425000 820.4
1430000 823.6
1435000 806.1
1440000 821.0
1445000 823.2
1450000 824.5
1455000 806.2
1460000 809.0
1465000 824.8
1470000 812.4
1475000 811.8
1480000 819.1
1485000 811.9
1490000 821.3
1495000 822.1
1500000 821.1
1505000 818.5
1510000 816.7
1515000 820.5
1520000 811.3
1525000 819.2
1530000 822.3
1535000 822.5
1540000 812.3
1545000 826.5
1550000 811.8
1555000 824.3
1560000 825.2
1565000 821.4
1570000 827.7
1575000 821.1
1580000 827.9
1585000 815.4
1590000 824.1
1595000 821.4
1600000 826.6
1605000 812.2
1610000 820.2
1615000 818.6
1620000 820.3
1625000 822.8
1630000 824.6
1635000 827.6
1640000 822.2
1645000 818.3
1650000 821.5
1655000 829.0
1660000 824.1
1665000 811.7
1670000 831.8
1675000 825.3
1680000 824.6
1685000 828.8
1690000 821.9
1695000 823.6
1700000 820.8
1705000 823.0
1710000 818.5
1715000 818.8
1720000 819.3
1725000 819.8
1730000 826.0
1735000 829.3
1740000 828.7
1745000 813.3
1750000 828.2
1755000 827.0
1760000 820.3
1765000 824.5
1770000 815.2
1775000 822.1
1780000 812.6
1785000 825.0
1790000 824.5
1795000 819.2
1800000 824.6
1805000 828.2
1810000 821.2
1815000 824.3
1820000 823.1
1825000 824.5
1830000 832.1
1835000 784.1
1840000 825.9
1845000 822.5
1850000 822.1
1855000 826.8
1860000 825.1
1865000 821.0
1870000 816.1
1875000 823.5
1880000 823.3
1885000 822.2
1890000 827.8
1895000 823.2
1900000 819.4
1905000 821.5
1910000 821.5
1915000 823.4
1920000 827.4
1925000 824.3
1930000 824.1
1935000 829.1
1940000 827.8
1945000 827.2
1950000 828.6
1955000 822.8
1960000 830.9
1965000 825.7
1970000 827.6
1975000 829.8
1980000 827.6
1985000 828.9
1990000 828.3
1995000 819.6
2000000 818.3
