5000 19.4
10000 20.7
15000 24.9
20000 22.3
25000 30.3
30000 28.2
35000 39.8
40000 45.5
45000 22.6
50000 50.6
55000 33.3
60000 29.1
65000 35.3
70000 173.2
75000 156.8
80000 261.5
85000 336.6
90000 363.2
95000 407.1
100000 457.7
105000 481.6
110000 509.7
115000 511.8
120000 539.5
125000 404.9
130000 532.6
135000 530.3
140000 566.0
145000 578.8
150000 593.5
155000 591.4
160000 630.2
165000 606.7
170000 621.6
175000 614.3
180000 626.5
185000 638.9
190000 640.4
195000 588.8
200000 649.9
205000 598.8
210000 663.0
215000 588.2
220000 616.5
225000 666.8
230000 667.4
235000 675.7
240000 680.0
245000 668.5
250000 676.8
255000 672.9
260000 675.3
265000 693.5
270000 689.2
275000 694.9
280000 683.1
285000 700.1
290000 683.2
295000 690.8
300000 673.1
305000 694.6
310000 701.0
315000 700.3
320000 697.2
325000 710.4
330000 695.4
335000 700.5
340000 708.4
345000 698.5
350000 699.2
355000 704.8
360000 701.9
365000 702.1
370000 704.7
375000 707.1
380000 708.8
385000 703.3
390000 711.7
395000 706.4
400000 708.2
405000 710.1
410000 722.2
415000 697.4
420000 705.8
425000 716.1
430000 716.5
435000 706.9
440000 719.3
445000 720.4
450000 728.4
455000 727.8
460000 643.1
465000 725.5
470000 734.0
475000 726.5
480000 728.9
485000 724.4
490000 729.8
495000 730.2
500000 742.8
505000 727.0
510000 734.3
515000 733.9
520000 729.0
525000 731.0
530000 746.4
535000 739.8
540000 732.6
545000 727.2
550000 739.8
555000 737.3
560000 742.9
565000 732.9
570000 751.4
575000 746.6
580000 741.8
585000 746.2
590000 745.0
595000 748.2
600000 744.6
605000 751.8
610000 748.6
615000 748.7
620000 729.1
625000 733.3
630000 754.2
635000 738.9
640000 749.0
645000 749.3
650000 754.0
655000 762.1
660000 751.8
665000 749.5
670000 768.1
675000 754.3
680000 749.0
685000 762.9
690000 752.8
695000 756.2
700000 743.7
705000 756.6
710000 750.2
715000 747.2
720000 755.0
725000 758.6
730000 762.5
735000 763.0
740000 760.1
745000 762.1
750000 767.2
755000 768.1
760000 766.1
765000 759.5
770000 765.0
775000 772.5
780000 768.9
785000 756.6
790000 780.7
795000 773.0
800000 768.4
805000 775.4
810000 761.2
815000 777.0
820000 766.8
825000 771.9
830000 781.6
835000 774.5
840000 778.2
845000 776.4
850000 777.8
855000 785.4
860000 774.5
865000 772.7
870000 784.8
875000 778.2
880000 777.2
885000 777.0
890000 782.5
895000 771.7
900000 773.4
905000 783.5
910000 773.8
915000 782.5
920000 786.1
925000 773.2
930000 786.8
935000 800.6
940000 787.7
945000 781.2
950000 789.1
955000 784.9
960000 788.9
965000 788.3
970000 792.4
975000 788.0
980000 788.3
985000 793.7
990000 783.4
995000 790.7
1000000 793.8
1005000 788.8
1010000 790.8
1015000 797.0
1020000 803.8
1025000 802.0
1030000 790.3
1035000 798.1
1040000 797.5
1045000 813.6
1050000 791.6
1055000 796.9
1060000 798.1
1065000 805.7
1070000 795.8
1075000 797.9
1080000 805.5
1085000 800.0
1090000 808.5
1095000 796.6
1100000 807.4
1105000 807.0
1110000 809.1
1115000 800.1
1120000 805.5
1125000 802.2
1130000 809.3
1135000 808.7
1140000 795.6
1145000 812.3
1150000 803.6
1155000 806.3
1160000 804.3
1165000 794.0
1170000 806.8
1175000 810.4
1180000 809.6
1185000 810.4
1190000 794.5
1195000 819.9
1200000 802.1
1205000 811.0
1210000 807.9
1215000 812.3
1220000 801.1
1225000 808.1
1230000 813.5
1235000 811.4
1240000 812.9
1245000 813.2
1250000 807.9
1255000 818.1
1260000 803.2
1265000 794.8
1270000 817.7
1275000 806.8
1280000 809.0
1285000 812.3
1290000 805.4
1295000 815.3
1300000 809.5
1305000 811.6
1310000 806.6
1315000 808.7
1320000 805.3
1325000 811.3
1330000 808.9
1335000 819.0
1340000 810.2
1345000 812.2
1350000 806.7
1355000 810.6
1360000 806.9
1365000 802.0
1370000 808.1
1375000 814.1
1380000 807.5
1385000 820.4
1390000 810.2
1395000 812.4
1400000 814.4
1405000 805.0
1410000 807.9
1415000 818.2
1420000 810.7
1425000 821.2
1430000 820.5
1435000 813.7
1440000 809.6
1445000 820.8
1450000 816.4
1455000 818.4
1460000 816.4
1465000 820.0
1470000 804.8
1475000 826.2
1480000 815.1
1485000 810.7
1490000 819.7
1495000 817.7
1500000 819.3
1505000 809.2
1510000 821.5
1515000 811.5
1520000 815.5
1525000 809.3
1530000 817.9
1535000 818.6
1540000 820.6
1545000 812.8
1550000 817.4
1555000 819.0
1560000 817.4
1565000 816.7
1570000 811.8
1575000 802.4
1580000 814.1
1585000 820.4
1590000 809.8
1595000 815.9
1600000 824.6
1605000 823.6
1610000 821.6
1615000 827.4
1620000 818.6
1625000 818.5
1630000 824.0
1635000 819.6
1640000 822.9
1645000 815.9
1650000 822.9
1655000 816.8
1660000 822.5
1665000 809.5
1670000 817.7
1675000 811.5
1680000 819.5
1685000 817.1
1690000 820.8
1695000 813.4
1700000 822.1
1705000 814.3
1710000 806.5
1715000 824.5
1720000 825.9
1725000 822.1
1730000 814.5
1735000 824.4
1740000 815.6
1745000 822.5
1750000 817.3
1755000 822.4
1760000 818.7
1765000 822.9
1770000 816.9
1775000 818.7
1780000 823.6
1785000 826.8
1790000 830.5
1795000 827.3
1800000 817.8
1805000 824.1
1810000 827.4
1815000 822.6
1820000 823.0
1825000 814.7
1830000 821.9
1835000 824.4
1840000 825.7
1845000 822.1
1850000 814.5
1855000 814.0
1860000 824.4
1865000 826.8
1870000 825.5
1875000 824.1
1880000 817.6
1885000 819.5
1890000 824.7
1895000 820.6
1900000 813.9
1905000 820.7
1910000 821.5
1915000 817.7
1920000 824.8
1925000 820.6
1930000 824.7
1935000 820.9
1940000 817.1
1945000 817.6
1950000 813.3
1955000 826.5
1960000 813.2
1965000 829.4
1970000 824.9
1975000 818.4
1980000 823.7
1985000 824.1
1990000 829.7
1995000 825.0
2000000 824.1
