5000 24.0
10000 24.3
15000 24.3
20000 22.3
25000 22.5
30000 23.5
35000 16.9
40000 32.0
45000 49.9
50000 53.5
55000 33.4
60000 49.3
65000 105.8
70000 123.1
75000 144.8
80000 151.9
85000 181.3
90000 279.3
95000 386.0
100000 332.1
105000 385.7
110000 389.9
115000 398.4
120000 403.1
125000 434.3
130000 426.6
135000 441.9
140000 468.8
145000 464.5
150000 479.7
155000 473.2
160000 489.9
165000 500.2
170000 531.4
175000 516.9
180000 539.0
185000 544.6
190000 538.0
195000 581.5
200000 580.9
205000 596.9
210000 583.1
215000 616.8
220000 600.1
225000 606.3
230000 604.5
235000 620.1
240000 619.9
245000 620.8
250000 620.8
255000 620.2
260000 624.3
265000 552.9
270000 628.0
275000 620.7
280000 620.2
285000 620.4
290000 633.9
295000 615.5
300000 630.5
305000 634.8
310000 632.5
315000 653.6
320000 654.6
325000 643.5
330000 654.1
335000 648.7
340000 654.5
345000 651.6
350000 654.1
355000 656.6
360000 658.0
365000 654.6
370000 639.3
375000 660.2
380000 655.1
385000 651.5
390000 654.3
395000 655.0
400000 656.5
405000 652.2
410000 652.8
415000 661.8
420000 662.8
425000 650.3
430000 664.8
435000 663.6
440000 662.2
445000 660.8
450000 659.8
455000 667.1
460000 664.3
465000 667.9
470000 668.6
475000 663.1
480000 666.1
485000 677.9
490000 668.7
495000 661.8
500000 676.3
505000 662.7
510000 662.7
515000 667.9
520000 667.2
525000 675.4
530000 682.4
535000 678.9
540000 679.3
545000 670.5
550000 678.6
555000 674.3
560000 678.8
565000 671.5
570000 674.3
575000 663.0
580000 667.3
585000 678.2
590000 674.2
595000 685.4
600000 681.8
605000 683.5
610000 682.3
615000 682.0
620000 693.5
625000 675.6
630000 691.6
635000 679.9
640000 691.3
645000 685.5
650000 682.6
655000 686.1
660000 676.4
665000 681.4
670000 674.3
675000 681.6
680000 682.9
685000 692.7
690000 690.3
695000 690.5
700000 694.1
705000 691.8
710000 691.2
715000 690.2
720000 697.0
725000 683.3
730000 692.3
735000 693.8
740000 692.5
745000 681.9
750000 697.1
755000 689.2
760000 690.5
765000 700.4
770000 701.0
775000 691.6
780000 689.3
785000 696.8
790000 693.1
795000 697.9
800000 699.0
805000 696.0
810000 696.6
815000 702.6
820000 699.2
825000 702.4
830000 699.8
835000 700.5
840000 696.2
845000 704.5
850000 707.8
855000 702.7
860000 694.7
865000 700.1
870000 697.7
875000 700.2
880000 700.0
885000 697.0
890000 702.6
895000 706.7
900000 705.0
905000 712.4
910000 704.2
915000 693.6
920000 706.3
925000 698.0
930000 713.8
935000 706.8
940000 705.5
945000 697.2
950000 708.6
955000 708.6
960000 708.6
965000 717.5
970000 702.8
975000 716.4
980000 704.5
985000 707.4
990000 709.8
995000 709.5
1000000 712.2
1005000 702.9
1010000 706.0
1015000 713.9
1020000 711.2
1025000 716.9
1030000 711.7
1035000 709.1
1040000 710.9
1045000 713.4
1050000 714.9
1055000 711.5
1060000 714.9
1065000 710.2
1070000 720.3
1075000 711.1
1080000 707.5
1085000 716.7
1090000 710.5
1095000 716.5
1100000 722.5
1105000 721.2
1110000 712.2
1115000 718.4
1120000 718.3
1125000 722.2
1130000 715.5
1135000 725.5
1140000 715.6
1145000 710.8
1150000 721.6
1155000 711.3
1160000 712.3
1165000 720.0
1170000 718.4
1175000 713.1
1180000 722.6
1185000 719.3
1190000 724.7
1195000 717.1
1200000 711.8
1205000 715.9
1210000 710.4
1215000 714.2
1220000 722.7
1225000 718.8
1230000 716.2
1235000 719.6
1240000 723.7
1245000 726.2
1250000 717.5
1255000 718.0
1260000 724.0
1265000 726.6
1270000 720.8
1275000 721.2
1280000 726.9
1285000 725.8
1290000 722.9
1295000 728.0
1300000 726.6
1305000 716.2
1310000 722.3
1315000 732.9
1320000 723.6
1325000 720.6
1330000 718.4
1335000 719.9
1340000 720.6
1345000 722.4
1350000 725.4
1355000 729.8
1360000 730.9
1365000 725.7
1370000 721.5
1375000 725.5
1380000 735.4
1385000 729.9
1390000 734.6
1395000 734.7
1400000 731.8
1405000 729.7
1410000 727.4
1415000 733.3
1420000 731.0
1425000 730.6
1430000 737.7
1435000 735.8
1440000 736.5
1445000 732.2
1450000 735.2
1455000 737.9
1460000 738.2
1465000 738.6
1470000 733.6
1475000 736.1
1480000 736.0
1485000 735.1
1490000 745.7
1495000 747.6
1500000 731.6
1505000 737.5
1510000 739.9
1515000 744.4
1520000 746.6
1525000 732.5
1530000 747.3
1535000 735.7
1540000 750.2
1545000 737.4
1550000 738.9
1555000 744.0
1560000 736.8
1565000 748.4
1570000 728.4
1575000 745.3
1580000 739.1
1585000 743.0
1590000 743.2
1595000 733.3
1600000 741.4
1605000 747.2
1610000 743.1
1615000 743.9
1620000 742.6
1625000 747.7
1630000 746.9
1635000 744.5
1640000 741.3
1645000 748.2
1650000 743.8
1655000 741.5
1660000 747.5
1665000 745.1
1670000 748.7
1675000 751.5
1680000 749.4
1685000 744.8
1690000 743.9
1695000 737.8
1700000 743.3
1705000 745.2
1710000 748.2
1715000 742.4
1720000 745.2
1725000 749.3
1730000 749.0
1735000 751.7
1740000 750.4
1745000 737.4
1750000 752.9
1755000 738.9
1760000 758.5
1765000 749.0
1770000 749.3
1775000 741.0
1780000 746.7
1785000 740.4
1790000 746.9
1795000 743.8
1800000 754.2
1805000 753.5
1810000 752.9
1815000 745.5
1820000 740.5
1825000 759.9
1830000 748.6
1835000 750.5
1840000 759.3
1845000 748.4
1850000 752.4
1855000 754.6
1860000 751.9
1865000 749.1
1870000 745.7
1875000 749.9
1880000 754.1
1885000 744.5
1890000 741.1
1895000 752.9
1900000 745.2
1905000 756.6
1910000 751.2
1915000 751.6
1920000 689.5
1925000 752.0
1930000 752.0
1935000 759.9
1940000 763.0
1945000 757.0
1950000 752.8
1955000 746.4
1960000 756.6
1965000 757.0
1970000 749.0
1975000 755.0
1980000 753.8
1985000 752.3
1990000 752.0
1995000 758.4
2000000 673.0
