5000 23.5
10000 23.4
15000 28.3
20000 20.9
25000 22.1
30000 45.2
35000 22.6
40000 16.5
45000 15.0
50000 73.0
55000 86.4
60000 145.0
65000 159.4
70000 170.7
75000 237.5
80000 305.3
85000 355.7
90000 378.7
95000 432.1
100000 440.3
105000 457.5
110000 460.7
115000 490.3
120000 500.5
125000 506.9
130000 512.0
135000 539.2
140000 513.7
145000 495.8
150000 545.8
155000 549.5
160000 571.9
165000 528.2
170000 579.5
175000 577.6
180000 598.7
185000 597.1
190000 590.1
195000 599.7
200000 615.9
205000 632.5
210000 634.2
215000 641.6
220000 644.4
225000 646.1
230000 637.6
235000 646.7
240000 643.3
245000 663.9
250000 650.5
255000 664.7
260000 668.8
265000 666.7
270000 681.3
275000 671.0
280000 687.0
285000 703.4
290000 689.7
295000 700.1
300000 690.7
305000 709.5
310000 702.8
315000 712.7
320000 713.6
325000 703.9
330000 712.0
335000 706.3
340000 703.5
345000 724.1
350000 714.2
355000 706.8
360000 715.3
365000 719.5
370000 720.1
375000 709.8
380000 730.4
385000 722.6
390000 726.7
395000 724.7
400000 717.5
405000 721.0
410000 728.5
415000 734.4
420000 729.2
425000 737.4
430000 732.4
435000 741.2
440000 737.9
445000 737.1
450000 748.1
455000 738.2
460000 734.6
465000 738.9
470000 754.6
475000 734.4
480000 751.6
485000 746.7
490000 745.3
495000 749.0
500000 754.9
505000 756.6
510000 760.4
515000 752.2
520000 753.6
525000 761.0
530000 753.2
535000 742.3
540000 754.5
545000 749.7
550000 758.1
555000 746.0
560000 763.2
565000 757.2
570000 753.8
575000 760.0
580000 753.0
585000 755.8
590000 749.7
595000 762.2
600000 755.6
605000 759.3
610000 769.2
615000 763.1
620000 744.4
625000 758.7
630000 766.2
635000 754.9
640000 768.2
645000 765.8
650000 772.3
655000 766.3
660000 770.7
665000 764.1
670000 762.0
675000 768.2
680000 769.5
685000 770.1
690000 770.3
695000 766.7
700000 769.0
705000 766.0
710000 783.9
715000 772.3
720000 761.3
725000 767.3
730000 781.1
735000 782.7
740000 773.5
745000 778.0
750000 777.2
755000 782.0
760000 780.4
765000 784.8
770000 776.3
775000 780.0
780000 768.1
785000 780.9
790000 769.7
795000 779.1
800000 781.3
805000 791.3
810000 780.6
815000 786.7
820000 784.8
825000 793.1
830000 782.2
835000 787.1
840000 778.2
845000 791.1
850000 780.5
855000 788.5
860000 775.8
865000 790.8
870000 786.9
875000 781.5
880000 785.6
885000 790.4
890000 798.7
895000 782.8
900000 789.1
905000 793.4
910000 789.0
915000 791.9
920000 792.2
925000 782.4
930000 780.2
935000 796.9
940000 787.8
945000 790.8
950000 791.2
955000 784.0
960000 797.6
965000 789.0
970000 792.4
975000 794.5
980000 787.7
985000 807.3
990000 780.8
995000 793.7
1000000 794.8
1005000 785.4
1010000 789.4
1015000 792.4
1020000 787.2
1025000 785.8
1030000 786.7
1035000 802.7
1040000 796.4
1045000 793.5
1050000 789.0
1055000 799.4
1060000 793.2
1065000 797.9
1070000 786.5
1075000 806.6
1080000 797.0
1085000 805.4
1090000 791.6
1095000 810.5
1100000 791.3
1105000 794.8
1110000 801.9
1115000 797.3
1120000 801.9
1125000 796.4
1130000 795.8
1135000 807.5
1140000 794.9
1145000 797.5
1150000 798.8
1155000 805.9
1160000 800.0
1165000 802.4
1170000 795.0
1175000 797.2
1180000 791.4
1185000 807.5
1190000 799.2
1195000 809.4
1200000 801.9
1205000 803.1
1210000 808.1
1215000 802.6
1220000 803.7
1225000 803.8
1230000 803.3
1235000 797.5
1240000 800.3
1245000 799.4
1250000 805.2
1255000 804.1
1260000 800.7
1265000 801.3
1270000 802.0
1275000 801.3
1280000 799.5
1285000 810.1
1290000 804.4
1295000 804.4
1300000 808.6
1305000 805.2
1310000 802.1
1315000 806.9
1320000 802.1
1325000 797.2
1330000 801.6
1335000 794.2
1340000 805.4
1345000 807.8
1350000 808.6
1355000 805.2
1360000 814.1
1365000 801.9
1370000 813.5
1375000 808.1
1380000 811.6
1385000 808.5
1390000 811.2
1395000 802.9
1400000 797.3
1405000 808.2
1410000 809.5
1415000 803.2
1420000 806.7
1425000 806.8
1430000 802.8
1435000 804.7
1440000 803.9
1445000 800.4
1450000 811.9
1455000 795.1
1460000 803.8
1465000 810.5
1470000 804.6
1475000 813.3
1480000 808.4
1485000 805.5
1490000 810.6
1495000 810.3
1500000 808.3
1505000 802.4
1510000 810.3
1515000 806.8
1520000 811.0
1525000 809.0
1530000 803.4
1535000 806.7
1540000 810.2
1545000 810.1
1550000 811.3
1555000 817.5
1560000 811.4
1565000 814.1
1570000 812.3
1575000 803.1
1580000 808.7
1585000 803.9
1590000 808.8
1595000 816.0
1600000 817.8
1605000 818.5
1610000 808.7
1615000 813.6
1620000 812.6
1625000 816.0
1630000 734.6
1635000 813.9
1640000 799.9
1645000 813.9
1650000 811.5
1655000 734.0
1660000 813.4
1665000 811.6
1670000 812.8
1675000 812.3
1680000 813.5
1685000 823.8
1690000 813.9
1695000 807.5
1700000 818.1
1705000 811.4
1710000 809.6
1715000 809.2
1720000 808.3
1725000 807.4
1730000 812.3
1735000 812.7
1740000 798.8
1745000 807.8
1750000 812.4
1755000 803.6
1760000 812.4
1765000 813.9
1770000 812.6
1775000 812.3
1780000 811.1
1785000 813.4
1790000 810.6
1795000 817.4
1800000 810.8
1805000 810.9
1810000 811.1
1815000 804.4
1820000 816.1
1825000 816.5
1830000 810.5
1835000 811.8
1840000 813.4
1845000 812.6
1850000 815.3
1855000 813.5
1860000 817.3
1865000 821.7
1870000 814.4
1875000 808.8
1880000 812.6
1885000 816.6
1890000 815.4
1895000 815.2
1900000 817.1
1905000 819.4
1910000 808.7
1915000 816.3
1920000 811.6
1925000 811.1
1930000 813.7
1935000 819.1
1940000 823.3
1945000 819.4
1950000 815.7
1955000 822.4
1960000 815.9
1965000 815.0
1970000 809.0
1975000 809.1
1980000 814.5
1985000 801.6
1990000 811.0
1995000 808.1
2000000 813.9
