5000 24.2
10000 23.0
15000 22.2
20000 22.5
25000 22.3
30000 24.3
35000 24.6
40000 37.4
45000 50.9
50000 41.1
55000 68.7
60000 72.1
65000 122.9
70000 60.4
75000 165.0
80000 162.9
85000 233.1
90000 282.1
95000 382.5
100000 413.8
105000 426.8
110000 447.9
115000 448.1
120000 412.6
125000 514.7
130000 532.9
135000 550.5
140000 539.7
145000 559.5
150000 565.3
155000 571.2
160000 577.0
165000 592.4
170000 597.2
175000 593.6
180000 602.7
185000 601.7
190000 616.5
195000 622.2
200000 624.2
205000 620.3
210000 632.8
215000 632.9
220000 632.6
225000 571.9
230000 639.8
235000 650.6
240000 641.4
245000 645.7
250000 648.9
255000 653.4
260000 648.2
265000 656.3
270000 666.6
275000 650.4
280000 643.1
285000 646.0
290000 658.8
295000 649.0
300000 661.3
305000 659.1
310000 657.0
315000 655.9
320000 668.7
325000 679.5
330000 667.5
335000 666.4
340000 670.5
345000 663.6
350000 680.8
355000 679.8
360000 674.7
365000 676.0
370000 677.8
375000 679.7
380000 687.1
385000 702.4
390000 688.1
395000 698.6
400000 687.1
405000 685.2
410000 699.9
415000 697.4
420000 671.6
425000 683.1
430000 699.0
435000 693.7
440000 696.1
445000 700.5
450000 706.8
455000 706.0
460000 710.2
465000 693.6
470000 684.8
475000 709.6
480000 733.7
485000 707.6
490000 690.0
495000 717.4
500000 704.9
505000 712.1
510000 692.7
515000 697.1
520000 726.7
525000 718.6
530000 696.3
535000 718.6
540000 733.9
545000 725.3
550000 733.9
555000 737.9
560000 720.6
565000 728.8
570000 706.6
575000 721.7
580000 723.5
585000 730.3
590000 725.2
595000 710.9
600000 727.1
605000 736.3
610000 719.2
615000 740.8
620000 736.3
625000 741.9
630000 729.1
635000 723.1
640000 704.7
645000 743.1
650000 723.3
655000 698.2
660000 714.3
665000 728.6
670000 714.0
675000 707.4
680000 719.2
685000 753.5
690000 735.6
695000 740.5
700000 728.3
705000 694.6
710000 728.0
715000 745.0
720000 742.5
725000 750.5
730000 737.6
735000 751.8
740000 738.1
745000 743.5
750000 739.3
755000 739.2
760000 733.8
765000 707.0
770000 703.1
775000 709.2
780000 727.1
785000 751.4
790000 746.5
795000 745.4
800000 712.7
805000 750.7
810000 761.6
815000 753.1
820000 749.8
825000 753.1
830000 703.1
835000 748.6
840000 730.0
845000 762.7
850000 755.5
855000 757.3
860000 755.2
865000 730.8
870000 750.1
875000 754.7
880000 767.5
885000 742.0
890000 748.8
895000 759.7
900000 749.6
905000 767.1
910000 727.8
915000 735.7
920000 774.8
925000 750.5
930000 758.9
935000 747.4
940000 741.1
945000 737.2
950000 744.2
955000 744.3
960000 761.3
965000 763.0
970000 746.8
975000 749.7
980000 753.5
985000 765.5
990000 770.6
995000 753.4
1000000 779.6
1005000 752.5
1010000 747.8
1015000 755.8
1020000 774.9
1025000 766.8
1030000 762.3
1035000 762.6
1040000 760.3
1045000 775.5
1050000 775.9
1055000 765.1
1060000 775.6
1065000 769.1
1070000 771.0
1075000 753.6
1080000 776.7
1085000 769.7
1090000 782.3
1095000 773.5
1100000 765.7
1105000 776.1
1110000 773.2
1115000 785.3
1120000 773.8
1125000 768.0
1130000 766.5
1135000 785.8
1140000 776.9
1145000 789.8
1150000 776.9
1155000 785.1
1160000 771.3
1165000 793.0
1170000 781.5
1175000 786.5
1180000 788.6
1185000 793.1
1190000 789.7
1195000 776.1
1200000 777.5
1205000 785.0
1210000 795.0
1215000 782.8
1220000 799.8
1225000 786.0
1230000 793.1
1235000 789.3
1240000 796.6
1245000 785.6
1250000 795.3
1255000 791.4
1260000 791.2
1265000 781.7
1270000 797.7
1275000 787.6
1280000 800.8
1285000 797.8
1290000 793.5
1295000 789.4
1300000 789.8
1305000 779.5
1310000 789.2
1315000 800.0
1320000 799.0
1325000 795.2
1330000 787.2
1335000 798.3
1340000 794.4
1345000 797.5
1350000 793.6
1355000 798.7
1360000 798.4
1365000 787.2
1370000 809.6
1375000 796.0
1380000 798.7
1385000 768.5
1390000 778.0
1395000 784.6
1400000 787.0
1405000 807.1
1410000 790.2
1415000 802.4
1420000 807.6
1425000 800.4
1430000 804.8
1435000 799.1
1440000 802.8
1445000 806.5
1450000 782.6
1455000 794.3
1460000 806.9
1465000 796.1
1470000 795.0
1475000 791.6
1480000 799.9
1485000 791.9
1490000 796.6
1495000 800.9
1500000 800.5
1505000 801.8
1510000 810.0
1515000 733.5
1520000 795.1
1525000 798.5
1530000 798.6
1535000 807.6
1540000 782.7
1545000 807.5
1550000 813.2
1555000 799.6
1560000 799.0
1565000 801.1
1570000 728.7
1575000 812.5
1580000 803.1
1585000 813.4
1590000 806.1
1595000 809.6
1600000 790.5
1605000 805.4
1610000 728.2
1615000 726.3
1620000 804.3
1625000 749.1
1630000 790.0
1635000 805.2
1640000 808.5
1645000 806.7
1650000 794.6
1655000 810.0
1660000 819.0
1665000 803.4
1670000 809.9
1675000 815.3
1680000 806.6
1685000 792.0
1690000 816.4
1695000 805.0
1700000 810.2
1705000 802.1
1710000 803.2
1715000 803.7
1720000 807.4
1725000 805.5
1730000 810.5
1735000 807.7
1740000 801.2
1745000 807.1
1750000 789.7
1755000 800.6
1760000 798.4
1765000 800.5
1770000 802.3
1775000 805.1
1780000 803.3
1785000 798.7
1790000 810.0
1795000 806.5
1800000 802.6
1805000 809.2
1810000 802.3
1815000 812.7
1820000 804.0
1825000 804.4
1830000 817.9
1835000 810.1
1840000 806.0
1845000 801.5
1850000 813.7
1855000 812.0
1860000 797.3
1865000 803.8
1870000 814.4
1875000 802.2
1880000 800.5
1885000 781.4
1890000 805.9
1895000 817.4
1900000 819.4
1905000 804.3
1910000 823.1
1915000 810.1
1920000 813.4
1925000 822.0
1930000 815.8
1935000 727.5
1940000 821.0
1945000 817.3
1950000 810.7
1955000 814.3
1960000 792.1
1965000 813.1
1970000 813.1
1975000 781.3
1980000 818.4
1985000 802.9
1990000 817.9
1995000 792.2
2000000 813.5
