5000 21.9
10000 44.7
15000 271.1
20000 156.6
25000 55.6
30000 107.6
35000 137.7
40000 106.2
45000 158.1
50000 104.9
55000 61.9
60000 214.2
65000 68.0
70000 93.5
75000 58.4
80000 58.1
85000 119.0
90000 174.7
95000 164.7
100000 109.0
105000 66.4
110000 28.9
115000 144.1
120000 27.2
125000 172.7
130000 24.4
135000 66.8
140000 127.0
145000 39.6
150000 123.9
155000 65.9
160000 114.9
165000 23.5
170000 132.9
175000 144.0
180000 155.4
185000 187.8
190000 87.5
195000 155.6
200000 259.2
205000 167.4
210000 171.8
215000 204.3
220000 174.9
225000 276.1
230000 393.4
235000 470.9
240000 470.0
245000 424.7
250000 461.8
255000 419.0
260000 444.1
265000 394.2
270000 427.6
275000 457.2
280000 442.0
285000 495.0
290000 492.6
295000 411.5
300000 424.2
305000 479.3
310000 439.2
315000 489.4
320000 473.0
325000 484.2
330000 511.4
335000 456.1
340000 528.2
345000 480.8
350000 473.9
355000 490.5
360000 510.7
365000 455.0
370000 527.5
375000 525.3
380000 543.6
385000 573.6
390000 567.7
395000 547.5
400000 559.0
405000 565.7
410000 599.8
415000 638.3
420000 612.5
425000 639.4
430000 606.3
435000 636.4
440000 664.3
445000 529.2
450000 662.3
455000 646.5
460000 629.2
465000 636.8
470000 704.9
475000 651.5
480000 696.5
485000 691.0
490000 678.2
495000 671.7
500000 710.6
505000 689.4
510000 668.8
515000 662.0
520000 626.5
525000 646.9
530000 700.0
535000 702.2
540000 694.3
545000 624.5
550000 636.3
555000 626.1
560000 723.2
565000 693.7
570000 697.4
575000 660.4
580000 703.9
585000 637.7
590000 661.3
595000 654.0
600000 665.8
605000 705.0
610000 680.3
615000 689.4
620000 679.3
625000 677.5
630000 709.2
635000 721.4
640000 726.2
645000 734.4
650000 726.2
655000 668.6
660000 748.8
665000 704.5
670000 723.7
675000 729.1
680000 729.4
685000 702.5
690000 745.8
695000 642.2
700000 747.3
705000 739.6
710000 764.4
715000 735.7
720000 742.3
725000 711.9
730000 742.8
735000 775.8
740000 770.3
745000 773.7
750000 739.9
755000 725.7
760000 750.2
765000 738.6
770000 740.0
775000 761.5
780000 738.6
785000 762.6
790000 762.4
795000 728.7
800000 750.4
805000 780.7
810000 757.4
815000 704.0
820000 720.2
825000 705.1
830000 710.8
835000 712.9
840000 709.0
845000 774.4
850000 751.6
855000 761.4
860000 767.0
865000 752.4
870000 755.3
875000 774.9
880000 748.1
885000 758.0
890000 760.2
895000 779.5
900000 759.3
905000 763.7
910000 734.8
915000 759.9
920000 757.8
925000 757.6
930000 779.0
935000 772.7
940000 730.6
945000 768.5
950000 780.6
955000 746.6
960000 734.6
965000 753.6
970000 799.0
975000 770.8
980000 741.5
985000 783.2
990000 763.3
995000 775.7
1000000 780.0
1005000 783.0
1010000 790.0
1015000 769.0
1020000 755.7
1025000 745.6
1030000 777.2
1035000 766.0
1040000 794.7
1045000 787.4
1050000 816.6
1055000 796.2
1060000 762.9
1065000 783.7
1070000 799.9
1075000 802.5
1080000 798.8
1085000 793.8
1090000 779.8
1095000 787.9
1100000 788.5
1105000 786.1
1110000 807.5
1115000 777.5
1120000 763.5
1125000 797.4
1130000 781.1
1135000 780.2
1140000 776.2
1145000 796.0
1150000 778.4
1155000 781.0
1160000 792.5
1165000 819.0
1170000 777.9
1175000 802.6
1180000 786.1
1185000 809.0
1190000 816.8
1195000 794.4
1200000 807.6
1205000 806.1
1210000 778.1
1215000 786.7
1220000 803.6
1225000 773.0
1230000 815.6
1235000 788.3
1240000 787.0
1245000 808.7
1250000 782.9
1255000 784.1
1260000 805.4
1265000 828.3
1270000 795.4
1275000 831.4
1280000 803.8
1285000 812.6
1290000 783.7
1295000 774.2
1300000 786.3
1305000 781.3
1310000 816.5
1315000 828.3
1320000 789.2
1325000 771.5
1330000 807.2
1335000 773.8
1340000 825.0
1345000 782.7
1350000 795.7
1355000 780.7
1360000 818.7
1365000 784.2
1370000 794.0
1375000 783.5
1380000 825.9
1385000 784.3
1390000 816.8
1395000 764.6
1400000 795.0
1405000 819.5
1410000 803.8
1415000 805.8
1420000 791.9
1425000 825.4
1430000 821.7
1435000 823.2
1440000 823.2
1445000 840.1
1450000 799.3
1455000 774.3
1460000 832.0
1465000 813.8
1470000 832.7
1475000 824.7
1480000 804.3
1485000 818.5
1490000 820.8
1495000 805.5
1500000 831.5
1505000 830.9
1510000 810.8
1515000 811.7
1520000 808.1
1525000 821.9
1530000 810.9
1535000 822.0
1540000 826.4
1545000 805.4
1550000 743.4
1555000 801.6
1560000 814.5
1565000 825.2
1570000 805.4
1575000 788.6
1580000 794.6
1585000 809.0
1590000 827.5
1595000 827.3
1600000 826.2
1605000 826.9
1610000 771.0
1615000 830.7
1620000 797.8
1625000 833.1
1630000 842.8
1635000 815.0
1640000 823.8
1645000 812.9
1650000 828.5
1655000 805.8
1660000 828.6
1665000 820.4
1670000 837.4
1675000 804.3
1680000 839.1
1685000 799.8
1690000 828.1
1695000 834.4
1700000 843.3
1705000 806.4
1710000 806.2
1715000 841.9
1720000 846.8
1725000 841.6
1730000 844.5
1735000 829.7
1740000 812.2
1745000 823.2
1750000 825.8
1755000 824.4
1760000 845.4
1765000 838.6
1770000 849.2
1775000 845.5
1780000 837.7
1785000 810.1
1790000 832.3
1795000 820.3
1800000 859.4
1805000 876.9
1810000 817.6
1815000 863.8
1820000 828.8
1825000 830.6
1830000 846.8
1835000 843.2
1840000 844.4
1845000 856.2
1850000 859.0
1855000 841.9
1860000 824.6
1865000 846.4
1870000 841.0
1875000 856.7
1880000 829.8
1885000 873.0
1890000 859.6
1895000 847.3
1900000 863.5
1905000 854.2
1910000 860.1
1915000 865.4
1920000 843.8
1925000 845.4
1930000 864.5
1935000 854.6
1940000 815.2
1945000 849.4
1950000 847.3
1955000 809.5
1960000 857.9
1965000 856.5
1970000 854.9
1975000 857.2
1980000 862.7
1985000 816.4
1990000 847.5
1995000 845.9
2000000 843.6
