5000 39.3
10000 32.2
15000 54.1
20000 103.7
25000 130.9
30000 156.1
35000 60.1
40000 153.6
45000 60.8
50000 155.5
55000 56.4
60000 208.0
65000 20.3
70000 14.0
75000 113.3
80000 17.6
85000 130.2
90000 168.6
95000 145.8
100000 16.3
105000 96.7
110000 57.8
115000 64.1
120000 142.5
125000 42.6
130000 95.6
135000 87.3
140000 101.7
145000 79.2
150000 75.2
155000 128.3
160000 282.1
165000 74.3
170000 242.6
175000 193.3
180000 253.8
185000 210.2
190000 284.8
195000 369.8
200000 407.9
205000 528.7
210000 567.3
215000 524.3
220000 531.1
225000 347.8
230000 588.1
235000 573.9
240000 539.8
245000 610.7
250000 563.2
255000 622.6
260000 567.3
265000 613.3
270000 676.4
275000 631.2
280000 672.1
285000 676.5
290000 683.4
295000 659.8
300000 672.9
305000 671.9
310000 657.8
315000 698.0
320000 669.0
325000 704.0
330000 736.2
335000 716.0
340000 555.9
345000 700.8
350000 645.6
355000 613.1
360000 509.1
365000 687.7
370000 730.0
375000 796.7
380000 781.8
385000 769.4
390000 768.4
395000 744.6
400000 744.8
405000 763.2
410000 738.0
415000 783.5
420000 774.1
425000 787.7
430000 771.2
435000 792.1
440000 804.0
445000 799.0
450000 777.8
455000 819.0
460000 802.3
465000 829.3
470000 802.3
475000 816.6
480000 828.4
485000 806.9
490000 816.4
495000 808.5
500000 811.7
505000 831.9
510000 820.5
515000 826.9
520000 826.5
525000 804.2
530000 821.1
535000 788.1
540000 801.2
545000 803.2
550000 827.0
555000 838.2
560000 806.6
565000 818.0
570000 798.0
575000 825.9
580000 794.6
585000 802.8
590000 803.3
595000 801.6
600000 804.7
605000 835.1
610000 798.2
615000 830.9
620000 809.9
625000 736.7
630000 826.9
635000 818.5
640000 830.1
645000 826.5
650000 835.2
655000 820.3
660000 835.3
665000 832.2
670000 845.6
675000 856.3
680000 849.3
685000 844.6
690000 847.6
695000 844.3
700000 824.8
705000 847.2
710000 852.7
715000 834.8
720000 842.6
725000 843.8
730000 844.5
735000 849.3
740000 842.6
745000 852.4
750000 852.8
755000 830.8
760000 856.7
765000 868.5
770000 869.3
775000 858.9
780000 852.1
785000 862.2
790000 859.4
795000 858.1
800000 854.4
805000 861.1
810000 875.6
815000 852.3
820000 868.4
825000 888.8
830000 870.1
835000 871.2
840000 864.0
845000 865.3
850000 888.7
855000 878.8
860000 877.4
865000 881.8
870000 879.7
875000 886.9
880000 886.3
885000 873.0
890000 885.8
895000 872.9
900000 883.3
905000 889.1
910000 881.1
915000 879.6
920000 890.1
925000 890.8
930000 870.9
935000 872.9
940000 883.9
945000 882.2
950000 879.4
955000 891.0
960000 884.4
965000 888.7
970000 873.9
975000 875.5
980000 881.9
985000 877.3
990000 889.9
995000 884.4
1000000 874.0
1005000 893.6
1010000 891.5
1015000 902.0
1020000 885.4
1025000 891.1
1030000 896.7
1035000 878.8
1040000 892.3
1045000 899.1
1050000 874.9
1055000 902.3
1060000 882.8
1065000 895.6
1070000 888.7
1075000 895.5
1080000 891.9
1085000 899.2
1090000 884.8
1095000 899.9
1100000 911.9
1105000 906.5
1110000 893.8
1115000 884.5
1120000 889.5
1125000 913.3
1130000 903.4
1135000 892.7
1140000 897.6
1145000 902.2
1150000 885.8
1155000 904.6
1160000 911.7
1165000 916.8
1170000 909.4
1175000 908.9
1180000 904.4
1185000 889.8
1190000 902.6
1195000 907.0
1200000 911.2
1205000 901.4
1210000 916.1
1215000 904.3
1220000 898.4
1225000 900.6
1230000 895.3
1235000 913.4
1240000 903.7
1245000 901.3
1250000 899.0
1255000 918.6
1260000 907.4
1265000 906.7
1270000 905.9
1275000 901.9
1280000 895.9
1285000 894.4
1290000 896.1
1295000 915.8
1300000 913.2
1305000 908.3
1310000 918.2
1315000 909.8
1320000 910.8
1325000 927.9
1330000 916.8
1335000 897.0
1340000 906.3
1345000 904.9
1350000 901.1
1355000 911.4
1360000 905.6
1365000 902.5
1370000 912.2
1375000 898.6
1380000 909.3
1385000 909.0
1390000 910.6
1395000 897.7
1400000 903.8
1405000 904.6
1410000 898.3
1415000 905.0
1420000 923.5
1425000 923.7
1430000 902.7
1435000 821.3
1440000 905.3
1445000 904.8
1450000 911.8
1455000 911.8
1460000 915.6
1465000 919.6
1470000 929.2
1475000 916.3
1480000 910.2
1485000 917.7
1490000 926.4
1495000 901.0
1500000 907.3
1505000 905.0
1510000 915.3
1515000 920.0
1520000 908.2
1525000 915.0
1530000 915.7
1535000 920.3
1540000 930.4
1545000 907.6
1550000 922.0
1555000 936.3
1560000 918.3
1565000 908.9
1570000 912.5
1575000 913.4
1580000 927.2
1585000 912.1
1590000 916.0
1595000 907.5
1600000 929.6
1605000 917.3
1610000 905.0
1615000 910.4
1620000 909.6
1625000 920.6
1630000 923.7
1635000 930.9
1640000 908.0
1645000 908.4
1650000 909.3
1655000 923.3
1660000 916.5
1665000 926.0
1670000 914.2
1675000 921.3
1680000 919.7
1685000 930.0
1690000 913.5
1695000 928.0
1700000 919.7
1705000 926.8
1710000 918.5
1715000 910.1
1720000 916.3
1725000 921.9
1730000 913.1
1735000 915.6
1740000 918.5
1745000 926.1
1750000 922.7
1755000 918.7
1760000 915.8
1765000 922.6
1770000 924.3
1775000 926.5
1780000 899.3
1785000 918.5
1790000 920.5
1795000 916.8
1800000 926.2
1805000 932.4
1810000 930.1
1815000 917.5
1820000 936.5
1825000 929.7
1830000 928.3
1835000 925.9
1840000 907.8
1845000 922.3
1850000 923.7
1855000 905.9
1860000 916.4
1865000 920.6
1870000 927.7
1875000 912.2
1880000 915.5
1885000 906.4
1890000 930.3
1895000 924.9
1900000 838.7
1905000 915.0
1910000 922.3
1915000 934.6
1920000 914.9
1925000 923.0
1930000 919.3
1935000 931.8
1940000 933.0
1945000 923.0
1950000 930.5
1955000 923.4
1960000 918.4
1965000 917.6
1970000 917.1
1975000 916.1
1980000 922.1
1985000 913.8
1990000 916.4
1995000 912.0
2000000 913.9
