5000 161.3
10000 65.0
15000 196.7
20000 105.7
25000 104.4
30000 52.5
35000 7.1
40000 104.0
45000 155.0
50000 106.6
55000 44.9
60000 206.9
65000 100.3
70000 15.2
75000 93.6
80000 61.2
85000 164.1
90000 95.1
95000 58.1
100000 94.8
105000 60.8
110000 161.9
115000 123.3
120000 54.5
125000 130.4
130000 159.1
135000 176.8
140000 52.9
145000 147.6
150000 107.1
155000 113.0
160000 194.6
165000 250.5
170000 204.3
175000 241.9
180000 107.6
185000 154.8
190000 210.5
195000 266.7
200000 230.9
205000 139.9
210000 156.4
215000 217.1
220000 206.4
225000 237.7
230000 294.9
235000 178.2
240000 267.9
245000 261.7
250000 300.4
255000 256.6
260000 229.1
265000 255.5
270000 313.5
275000 308.6
280000 357.1
285000 446.8
290000 460.6
295000 561.8
300000 284.6
305000 533.5
310000 535.7
315000 583.6
320000 521.1
325000 583.2
330000 583.4
335000 620.7
340000 596.7
345000 626.5
350000 634.4
355000 636.4
360000 626.3
365000 607.6
370000 627.1
375000 526.7
380000 630.1
385000 633.3
390000 658.6
395000 648.9
400000 681.0
405000 727.6
410000 690.0
415000 685.6
420000 792.8
425000 724.8
430000 791.6
435000 762.8
440000 728.9
445000 824.7
450000 817.3
455000 830.4
460000 818.6
465000 754.3
470000 784.7
475000 820.7
480000 840.6
485000 845.8
490000 818.4
495000 805.1
500000 789.3
505000 833.5
510000 832.4
515000 811.3
520000 812.3
525000 864.0
530000 853.2
535000 731.5
540000 854.4
545000 865.9
550000 840.8
555000 831.8
560000 816.5
565000 853.4
570000 779.8
575000 819.0
580000 830.0
585000 791.5
590000 868.5
595000 864.5
600000 868.5
605000 881.7
610000 870.5
615000 859.7
620000 875.4
625000 876.7
630000 890.6
635000 898.1
640000 897.2
645000 855.0
650000 891.2
655000 894.5
660000 896.6
665000 885.7
670000 804.9
675000 884.5
680000 903.8
685000 904.3
690000 896.4
695000 849.9
700000 919.4
705000 916.3
710000 919.5
715000 889.1
720000 899.2
725000 912.0
730000 906.7
735000 883.4
740000 899.7
745000 894.0
750000 876.7
755000 883.6
760000 884.0
765000 908.7
770000 899.1
775000 920.8
780000 904.8
785000 896.7
790000 920.2
795000 908.6
800000 933.3
805000 902.1
810000 911.0
815000 911.5
820000 903.5
825000 913.4
830000 930.9
835000 898.6
840000 904.5
845000 898.6
850000 888.2
855000 919.4
860000 916.1
865000 898.1
870000 910.9
875000 919.4
880000 923.2
885000 912.6
890000 903.6
895000 920.6
900000 897.9
905000 926.9
910000 926.6
915000 927.8
920000 927.7
925000 915.9
930000 935.1
935000 927.9
940000 930.3
945000 912.3
950000 917.3
955000 927.2
960000 936.3
965000 934.7
970000 929.8
975000 938.1
980000 935.8
985000 924.1
990000 920.3
995000 930.6
1000000 928.7
1005000 939.8
1010000 936.1
1015000 940.3
1020000 921.3
1025000 935.4
1030000 951.6
1035000 935.0
1040000 936.3
1045000 943.4
1050000 933.1
1055000 943.1
1060000 929.8
1065000 932.4
1070000 934.8
1075000 936.4
1080000 938.7
1085000 929.4
1090000 931.1
1095000 927.3
1100000 934.6
1105000 936.1
1110000 928.1
1115000 925.5
1120000 940.4
1125000 926.9
1130000 934.2
1135000 931.0
1140000 932.8
1145000 911.3
1150000 901.3
1155000 941.0
1160000 934.1
1165000 934.9
1170000 929.4
1175000 946.8
1180000 944.1
1185000 941.7
1190000 941.1
1195000 938.1
1200000 933.7
1205000 944.1
1210000 943.6
1215000 925.4
1220000 936.4
1225000 928.9
1230000 940.1
1235000 946.7
1240000 926.5
1245000 938.1
1250000 927.9
1255000 940.9
1260000 947.6
1265000 923.4
1270000 940.4
1275000 941.4
1280000 953.5
1285000 936.3
1290000 935.7
1295000 929.3
1300000 949.8
1305000 949.0
1310000 943.4
1315000 936.4
1320000 943.1
1325000 936.5
1330000 950.9
1335000 912.8
1340000 931.8
1345000 889.0
1350000 942.9
1355000 923.0
1360000 945.9
1365000 944.7
1370000 930.0
1375000 943.1
1380000 944.7
1385000 931.7
1390000 938.2
1395000 941.4
1400000 957.9
1405000 955.2
1410000 935.7
1415000 941.4
1420000 944.6
1425000 941.0
1430000 933.8
1435000 934.8
1440000 957.2
1445000 934.7
1450000 935.0
1455000 945.7
1460000 919.9
1465000 937.1
1470000 954.3
1475000 936.7
1480000 951.4
1485000 934.2
1490000 938.9
1495000 945.2
1500000 939.0
1505000 938.7
1510000 940.0
1515000 953.4
1520000 943.4
1525000 924.5
1530000 944.0
1535000 941.4
1540000 931.4
1545000 935.1
1550000 943.7
1555000 938.7
1560000 935.9
1565000 937.0
1570000 934.0
1575000 944.0
1580000 932.7
1585000 939.8
1590000 935.7
1595000 936.5
1600000 932.0
1605000 940.0
1610000 947.2
1615000 935.5
1620000 931.4
1625000 933.6
1630000 926.6
1635000 913.3
1640000 933.6
1645000 937.5
1650000 928.0
1655000 928.4
1660000 934.7
1665000 944.2
1670000 943.9
1675000 939.4
1680000 942.9
1685000 945.0
1690000 932.8
1695000 949.7
1700000 928.5
1705000 947.1
1710000 944.8
1715000 937.6
1720000 921.4
1725000 933.6
1730000 940.5
1735000 931.6
1740000 929.4
1745000 934.3
1750000 929.1
1755000 943.1
1760000 938.6
1765000 944.8
1770000 945.1
1775000 945.5
1780000 925.2
1785000 944.0
1790000 937.6
1795000 947.1
1800000 943.1
1805000 940.9
1810000 946.5
1815000 944.4
1820000 934.3
1825000 938.7
1830000 941.7
1835000 939.8
1840000 931.3
1845000 928.3
1850000 942.5
1855000 934.7
1860000 938.7
1865000 926.3
1870000 938.8
1875000 943.6
1880000 944.5
1885000 939.6
1890000 941.0
1895000 941.4
1900000 947.6
1905000 949.6
1910000 931.4
1915000 936.6
1920000 948.7
1925000 958.5
1930000 953.3
1935000 944.3
1940000 949.0
1945000 932.9
1950000 949.9
1955000 943.8
1960000 953.4
1965000 956.5
1970000 958.2
1975000 947.1
1980000 939.4
1985000 944.7
1990000 941.7
1995000 949.1
2000000 953.7
