5000 52.5
10000 79.7
15000 98.7
20000 7.7
25000 97.3
30000 9.9
35000 113.5
40000 105.8
45000 155.4
50000 60.5
55000 237.1
60000 39.2
65000 213.7
70000 43.7
75000 201.8
80000 75.8
85000 105.6
90000 90.2
95000 29.0
100000 129.8
105000 64.0
110000 112.3
115000 171.5
120000 142.9
125000 149.6
130000 198.9
135000 80.5
140000 364.4
145000 194.1
150000 235.3
155000 65.5
160000 290.2
165000 256.4
170000 188.6
175000 236.3
180000 310.3
185000 239.5
190000 322.9
195000 241.5
200000 266.1
205000 265.9
210000 337.8
215000 294.1
220000 312.8
225000 330.2
230000 244.0
235000 361.8
240000 406.9
245000 446.5
250000 469.2
255000 465.3
260000 470.5
265000 482.0
270000 482.4
275000 468.8
280000 468.4
285000 459.0
290000 501.5
295000 471.7
300000 490.6
305000 496.8
310000 476.8
315000 439.1
320000 484.6
325000 476.5
330000 437.6
335000 555.0
340000 525.1
345000 596.5
350000 535.1
355000 598.7
360000 550.6
365000 607.1
370000 544.2
375000 648.8
380000 645.6
385000 638.9
390000 565.5
395000 653.8
400000 657.0
405000 633.8
410000 657.1
415000 578.1
420000 711.7
425000 676.0
430000 692.3
435000 722.6
440000 658.7
445000 725.3
450000 696.1
455000 722.2
460000 746.7
465000 758.4
470000 723.0
475000 635.0
480000 632.7
485000 728.0
490000 753.3
495000 791.6
500000 823.2
505000 853.3
510000 795.2
515000 848.9
520000 804.4
525000 734.2
530000 837.3
535000 850.7
540000 858.9
545000 873.9
550000 806.2
555000 805.2
560000 830.9
565000 839.6
570000 826.8
575000 821.4
580000 814.5
585000 803.7
590000 852.5
595000 861.4
600000 831.4
605000 823.2
610000 701.9
615000 832.0
620000 897.3
625000 841.4
630000 850.0
635000 871.4
640000 831.1
645000 866.5
650000 883.7
655000 882.6
660000 876.2
665000 856.4
670000 854.2
675000 893.9
680000 899.4
685000 868.4
690000 882.1
695000 846.9
700000 841.3
705000 875.0
710000 869.5
715000 889.2
720000 826.4
725000 930.9
730000 902.0
735000 860.1
740000 870.7
745000 894.0
750000 877.6
755000 909.2
760000 865.5
765000 894.6
770000 897.7
775000 898.7
780000 874.3
785000 877.0
790000 921.9
795000 894.2
800000 902.9
805000 899.1
810000 898.1
815000 910.7
820000 830.0
825000 886.5
830000 715.6
835000 796.5
840000 901.4
845000 881.6
850000 890.3
855000 892.5
860000 901.4
865000 875.0
870000 874.5
875000 900.8
880000 877.0
885000 885.8
890000 880.4
895000 886.4
900000 895.3
905000 794.4
910000 883.4
915000 841.9
920000 906.6
925000 899.3
930000 882.0
935000 887.2
940000 898.0
945000 901.0
950000 891.2
955000 871.3
960000 926.7
965000 898.0
970000 887.7
975000 905.0
980000 905.4
985000 899.6
990000 897.5
995000 917.0
1000000 893.4
1005000 908.7
1010000 920.4
1015000 893.7
1020000 891.6
1025000 899.4
1030000 911.6
1035000 915.8
1040000 904.6
1045000 888.2
1050000 911.8
1055000 927.7
1060000 908.2
1065000 894.8
1070000 908.5
1075000 898.7
1080000 918.8
1085000 913.3
1090000 871.6
1095000 926.2
1100000 869.9
1105000 902.7
1110000 917.3
1115000 927.7
1120000 916.0
1125000 928.1
1130000 904.0
1135000 911.6
1140000 919.5
1145000 912.9
1150000 914.2
1155000 907.4
1160000 897.1
1165000 929.7
1170000 901.5
1175000 890.9
1180000 910.2
1185000 912.9
1190000 915.6
1195000 920.4
1200000 894.5
1205000 931.1
1210000 907.2
1215000 920.2
1220000 934.1
1225000 908.8
1230000 924.6
1235000 913.3
1240000 922.1
1245000 920.6
1250000 916.3
1255000 893.6
1260000 894.9
1265000 897.9
1270000 904.9
1275000 881.6
1280000 915.0
1285000 889.6
1290000 905.9
1295000 871.2
1300000 919.2
1305000 921.5
1310000 903.8
1315000 919.7
1320000 926.7
1325000 913.2
1330000 918.4
1335000 894.5
1340000 921.4
1345000 918.1
1350000 936.0
1355000 928.8
1360000 918.2
1365000 899.5
1370000 909.7
1375000 880.4
1380000 915.0
1385000 897.5
1390000 931.0
1395000 914.1
1400000 919.4
1405000 899.5
1410000 893.6
1415000 927.6
1420000 932.8
1425000 816.3
1430000 894.4
1435000 941.5
1440000 928.9
1445000 898.7
1450000 933.5
1455000 901.7
1460000 930.1
1465000 899.8
1470000 905.0
1475000 908.4
1480000 912.5
1485000 916.1
1490000 917.2
1495000 916.8
1500000 921.2
1505000 911.7
1510000 907.1
1515000 922.1
1520000 879.6
1525000 901.1
1530000 932.4
1535000 927.5
1540000 930.4
1545000 901.8
1550000 927.6
1555000 894.1
1560000 919.3
1565000 922.4
1570000 884.8
1575000 932.5
1580000 893.7
1585000 908.0
1590000 929.1
1595000 914.4
1600000 923.9
1605000 905.0
1610000 918.3
1615000 931.4
1620000 905.8
1625000 924.1
1630000 925.4
1635000 922.4
1640000 922.0
1645000 935.9
1650000 934.8
1655000 927.2
1660000 914.7
1665000 922.3
1670000 915.6
1675000 923.1
1680000 909.3
1685000 934.9
1690000 918.4
1695000 927.9
1700000 936.8
1705000 930.8
1710000 911.8
1715000 921.8
1720000 916.3
1725000 912.0
1730000 932.3
1735000 919.2
1740000 914.0
1745000 897.3
1750000 928.2
1755000 906.1
1760000 928.2
1765000 929.1
1770000 930.3
1775000 924.4
1780000 929.7
1785000 939.5
1790000 922.8
1795000 918.5
1800000 922.2
1805000 934.8
1810000 932.5
1815000 938.9
1820000 933.4
1825000 951.9
1830000 945.9
1835000 907.3
1840000 932.1
1845000 933.6
1850000 928.3
1855000 929.4
1860000 931.9
1865000 922.7
1870000 924.7
1875000 923.9
1880000 921.9
1885000 936.9
1890000 907.0
1895000 940.7
1900000 911.1
1905000 933.6
1910000 934.5
1915000 937.3
1920000 930.0
1925000 948.0
1930000 934.0
1935000 923.6
1940000 934.4
1945000 925.4
1950000 928.1
1955000 936.6
1960000 936.8
1965000 934.3
1970000 927.6
1975000 931.2
1980000 941.8
1985000 922.8
1990000 915.2
1995000 941.1
2000000 934.2
