5000 15.4
10000 66.6
15000 105.6
20000 55.9
25000 155.4
30000 192.3
35000 209.3
40000 152.8
45000 57.9
50000 164.4
55000 59.5
60000 36.2
65000 59.5
70000 57.6
75000 57.8
80000 112.2
85000 14.6
90000 228.3
95000 109.3
100000 65.0
105000 53.2
110000 126.3
115000 60.4
120000 218.3
125000 113.4
130000 158.5
135000 298.4
140000 195.3
145000 99.0
150000 183.1
155000 246.5
160000 242.9
165000 219.2
170000 222.7
175000 324.1
180000 379.6
185000 262.5
190000 273.2
195000 247.4
200000 391.2
205000 291.1
210000 395.2
215000 305.4
220000 402.9
225000 448.6
230000 322.4
235000 462.2
240000 343.4
245000 519.9
250000 407.9
255000 374.8
260000 486.5
265000 303.6
270000 520.1
275000 571.6
280000 568.7
285000 526.5
290000 506.1
295000 553.8
300000 572.3
305000 655.9
310000 604.3
315000 556.0
320000 597.9
325000 642.0
330000 634.2
335000 637.9
340000 571.5
345000 643.7
350000 611.2
355000 559.4
360000 602.5
365000 561.5
370000 625.0
375000 648.2
380000 561.5
385000 592.3
390000 604.7
395000 621.6
400000 659.8
405000 682.2
410000 678.7
415000 629.3
420000 675.7
425000 675.0
430000 689.5
435000 616.6
440000 654.3
445000 684.9
450000 700.7
455000 676.0
460000 668.1
465000 673.3
470000 692.0
475000 681.9
480000 682.3
485000 638.6
490000 644.3
495000 661.4
500000 674.3
505000 706.9
510000 670.4
515000 727.2
520000 726.1
525000 722.1
530000 657.8
535000 645.1
540000 615.8
545000 622.2
550000 719.4
555000 711.6
560000 734.2
565000 671.2
570000 755.9
575000 683.0
580000 701.5
585000 687.7
590000 754.1
595000 745.0
600000 749.0
605000 769.8
610000 725.4
615000 713.9
620000 731.5
625000 764.5
630000 779.6
635000 758.4
640000 704.2
645000 762.8
650000 783.7
655000 768.5
660000 767.4
665000 759.7
670000 759.4
675000 702.4
680000 759.4
685000 783.1
690000 794.6
695000 770.7
700000 773.6
705000 765.1
710000 757.3
715000 731.6
720000 775.1
725000 765.3
730000 780.2
735000 793.2
740000 785.5
745000 750.4
750000 714.0
755000 786.2
760000 777.5
765000 777.1
770000 782.3
775000 769.9
780000 778.7
785000 776.4
790000 801.7
795000 793.4
800000 784.2
805000 829.1
810000 750.1
815000 812.9
820000 831.0
825000 790.4
830000 819.0
835000 798.5
840000 792.4
845000 793.4
850000 775.2
855000 811.8
860000 823.2
865000 817.7
870000 806.2
875000 824.4
880000 814.9
885000 831.9
890000 840.6
895000 830.0
900000 803.6
905000 809.9
910000 800.3
915000 843.2
920000 774.2
925000 798.6
930000 825.9
935000 825.7
940000 844.6
945000 799.4
950000 831.6
955000 841.7
960000 773.4
965000 841.3
970000 846.4
975000 836.7
980000 846.1
985000 805.1
990000 773.7
995000 824.8
1000000 869.2
1005000 819.0
1010000 828.2
1015000 813.4
1020000 818.9
1025000 813.4
1030000 830.5
1035000 819.3
1040000 819.0
1045000 839.5
1050000 833.3
1055000 849.9
1060000 836.9
1065000 843.0
1070000 860.1
1075000 828.7
1080000 823.8
1085000 852.2
1090000 826.6
1095000 829.1
1100000 844.6
1105000 836.7
1110000 851.9
1115000 824.9
1120000 836.1
1125000 843.3
1130000 866.2
1135000 856.4
1140000 822.7
1145000 833.9
1150000 855.8
1155000 836.9
1160000 835.0
1165000 844.9
1170000 825.9
1175000 842.7
1180000 820.6
1185000 835.7
1190000 838.6
1195000 824.1
1200000 819.3
1205000 843.7
1210000 848.6
1215000 841.1
1220000 857.4
1225000 867.4
1230000 847.8
1235000 860.8
1240000 856.3
1245000 844.6
1250000 858.0
1255000 889.1
1260000 855.3
1265000 876.7
1270000 874.3
1275000 866.4
1280000 858.7
1285000 866.1
1290000 870.3
1295000 851.9
1300000 878.9
1305000 854.3
1310000 869.6
1315000 837.7
1320000 881.5
1325000 849.9
1330000 844.2
1335000 834.0
1340000 862.4
1345000 859.2
1350000 861.3
1355000 871.6
1360000 880.2
1365000 818.8
1370000 844.0
1375000 855.4
1380000 855.4
1385000 861.0
1390000 828.8
1395000 854.3
1400000 871.5
1405000 866.9
1410000 868.0
1415000 883.8
1420000 859.7
1425000 866.6
1430000 850.4
1435000 875.2
1440000 876.5
1445000 856.6
1450000 884.3
1455000 884.0
1460000 870.6
1465000 920.4
1470000 870.9
1475000 884.7
1480000 899.3
1485000 880.5
1490000 891.2
1495000 903.9
1500000 869.5
1505000 864.7
1510000 859.9
1515000 883.4
1520000 906.5
1525000 917.9
1530000 858.8
1535000 878.5
1540000 883.1
1545000 875.5
1550000 880.0
1555000 893.1
1560000 912.3
1565000 893.7
1570000 913.4
1575000 898.4
1580000 896.4
1585000 888.0
1590000 886.5
1595000 884.0
1600000 908.0
1605000 919.8
1610000 914.8
1615000 911.8
1620000 877.7
1625000 898.7
1630000 904.0
1635000 905.5
1640000 917.6
1645000 872.1
1650000 910.5
1655000 902.6
1660000 917.0
1665000 927.2
1670000 908.3
1675000 903.7
1680000 891.2
1685000 896.1
1690000 906.6
1695000 903.1
1700000 905.3
1705000 920.5
1710000 882.1
1715000 883.8
1720000 895.0
1725000 917.7
1730000 917.0
1735000 910.3
1740000 923.4
1745000 902.3
1750000 910.8
1755000 871.3
1760000 919.9
1765000 917.8
1770000 902.5
1775000 910.3
1780000 922.4
1785000 901.2
1790000 893.6
1795000 908.7
1800000 918.1
1805000 901.9
1810000 913.3
1815000 920.5
1820000 895.5
1825000 890.3
1830000 908.8
1835000 898.7
1840000 933.3
1845000 915.8
1850000 917.8
1855000 910.1
1860000 931.8
1865000 909.3
1870000 905.6
1875000 887.9
1880000 918.4
1885000 899.9
1890000 910.9
1895000 914.1
1900000 918.8
1905000 910.1
1910000 916.0
1915000 909.5
1920000 915.2
1925000 902.9
1930000 917.8
1935000 926.3
1940000 913.9
1945000 893.6
1950000 922.1
1955000 903.6
1960000 912.2
1965000 924.6
1970000 921.2
1975000 898.5
1980000 905.2
1985000 910.8
1990000 912.8
1995000 892.0
2000000 937.6
