5000 157.0
10000 161.4
15000 9.5
20000 64.7
25000 192.6
30000 13.8
35000 17.1
40000 13.5
45000 88.3
50000 59.8
55000 160.6
60000 46.7
65000 63.7
70000 109.1
75000 75.1
80000 76.8
85000 79.3
90000 109.9
95000 58.3
100000 150.8
105000 224.3
110000 178.4
115000 194.2
120000 98.9
125000 192.2
130000 152.6
135000 271.7
140000 248.6
145000 106.4
150000 174.4
155000 331.4
160000 283.0
165000 390.9
170000 381.8
175000 440.1
180000 471.5
185000 455.1
190000 410.6
195000 482.5
200000 471.1
205000 496.0
210000 519.0
215000 482.0
220000 490.7
225000 502.9
230000 475.2
235000 462.2
240000 481.5
245000 484.6
250000 453.1
255000 516.4
260000 508.4
265000 502.0
270000 501.8
275000 531.3
280000 544.5
285000 576.0
290000 570.0
295000 590.6
300000 553.4
305000 593.5
310000 559.9
315000 639.2
320000 646.4
325000 638.0
330000 652.4
335000 642.1
340000 672.7
345000 668.8
350000 675.4
355000 672.8
360000 584.6
365000 693.0
370000 693.4
375000 700.4
380000 743.6
385000 729.9
390000 736.3
395000 722.1
400000 703.1
405000 697.8
410000 720.6
415000 730.8
420000 735.8
425000 651.3
430000 755.9
435000 763.8
440000 738.6
445000 752.3
450000 762.2
455000 697.8
460000 764.7
465000 736.8
470000 762.4
475000 787.7
480000 814.7
485000 810.4
490000 797.4
495000 859.4
500000 800.4
505000 786.6
510000 782.3
515000 755.0
520000 671.2
525000 799.5
530000 751.6
535000 731.7
540000 789.6
545000 832.4
550000 791.0
555000 766.3
560000 802.6
565000 668.5
570000 810.8
575000 823.8
580000 828.5
585000 826.0
590000 822.0
595000 777.5
600000 792.9
605000 807.2
610000 810.1
615000 809.3
620000 813.9
625000 836.5
630000 802.3
635000 796.6
640000 852.0
645000 826.8
650000 795.3
655000 852.8
660000 825.8
665000 842.5
670000 829.2
675000 798.6
680000 775.9
685000 831.4
690000 828.0
695000 820.9
700000 856.9
705000 814.8
710000 855.0
715000 827.0
720000 856.2
725000 845.1
730000 875.2
735000 824.2
740000 754.6
745000 838.6
750000 841.3
755000 804.9
760000 864.5
765000 851.0
770000 810.1
775000 857.4
780000 880.5
785000 831.8
790000 868.4
795000 839.5
800000 868.2
805000 878.4
810000 855.1
815000 850.4
820000 862.0
825000 836.3
830000 848.7
835000 841.8
840000 885.4
845000 872.4
850000 843.5
855000 891.3
860000 824.2
865000 886.8
870000 866.3
875000 877.1
880000 863.8
885000 880.0
890000 875.7
895000 877.4
900000 887.9
905000 870.6
910000 858.9
915000 892.5
920000 881.0
925000 860.9
930000 885.8
935000 829.0
940000 909.2
945000 891.0
950000 902.0
955000 908.4
960000 897.6
965000 903.7
970000 865.7
975000 885.7
980000 871.1
985000 904.8
990000 925.6
995000 883.4
1000000 900.0
1005000 905.4
1010000 903.8
1015000 898.2
1020000 890.8
1025000 902.8
1030000 865.7
1035000 880.9
1040000 896.3
1045000 888.1
1050000 894.3
1055000 900.4
1060000 905.0
1065000 901.3
1070000 846.1
1075000 845.7
1080000 881.6
1085000 918.6
1090000 878.7
1095000 889.0
1100000 911.4
1105000 907.0
1110000 786.2
1115000 855.5
1120000 909.1
1125000 885.5
1130000 902.4
1135000 880.4
1140000 747.5
1145000 823.2
1150000 893.1
1155000 800.0
1160000 713.0
1165000 871.2
1170000 860.8
1175000 910.7
1180000 878.6
1185000 893.8
1190000 896.0
1195000 915.4
1200000 768.9
1205000 903.9
1210000 917.7
1215000 891.7
1220000 920.0
1225000 926.1
1230000 898.1
1235000 915.2
1240000 908.9
1245000 929.2
1250000 924.2
1255000 928.1
1260000 887.9
1265000 912.0
1270000 906.4
1275000 884.1
1280000 825.8
1285000 934.1
1290000 896.4
1295000 904.4
1300000 935.6
1305000 893.1
1310000 891.5
1315000 895.7
1320000 898.3
1325000 911.0
1330000 902.1
1335000 927.1
1340000 912.6
1345000 921.2
1350000 882.8
1355000 915.2
1360000 920.8
1365000 918.1
1370000 837.4
1375000 924.3
1380000 909.4
1385000 936.0
1390000 871.9
1395000 938.1
1400000 916.5
1405000 924.1
1410000 906.4
1415000 926.9
1420000 920.4
1425000 935.1
1430000 946.2
1435000 906.0
1440000 924.9
1445000 933.5
1450000 904.8
1455000 920.5
1460000 944.3
1465000 937.0
1470000 941.4
1475000 910.8
1480000 908.8
1485000 918.5
1490000 921.1
1495000 938.8
1500000 926.8
1505000 949.3
1510000 936.6
1515000 930.9
1520000 946.5
1525000 934.3
1530000 933.4
1535000 939.5
1540000 925.2
1545000 925.9
1550000 926.0
1555000 939.6
1560000 920.0
1565000 925.0
1570000 923.1
1575000 916.2
1580000 910.1
1585000 919.4
1590000 935.8
1595000 923.2
1600000 930.2
1605000 908.0
1610000 929.6
1615000 942.5
1620000 915.9
1625000 921.9
1630000 892.9
1635000 939.6
1640000 887.6
1645000 933.4
1650000 921.3
1655000 934.3
1660000 930.3
1665000 918.3
1670000 945.4
1675000 939.2
1680000 923.7
1685000 938.8
1690000 928.1
1695000 948.7
1700000 931.7
1705000 922.9
1710000 933.5
1715000 947.0
1720000 918.9
1725000 918.9
1730000 934.4
1735000 927.6
1740000 928.4
1745000 921.9
1750000 935.3
1755000 918.9
1760000 905.8
1765000 919.6
1770000 921.0
1775000 908.8
1780000 897.2
1785000 923.0
1790000 931.0
1795000 919.5
1800000 937.9
1805000 924.1
1810000 899.9
1815000 935.3
1820000 924.8
1825000 932.4
1830000 935.3
1835000 934.5
1840000 946.4
1845000 938.1
1850000 929.6
1855000 905.7
1860000 928.2
1865000 895.5
1870000 925.9
1875000 922.3
1880000 933.4
1885000 935.9
1890000 945.9
1895000 936.9
1900000 925.4
1905000 942.4
1910000 880.9
1915000 885.9
1920000 927.3
1925000 932.7
1930000 918.5
1935000 921.6
1940000 939.0
1945000 918.3
1950000 933.6
1955000 924.2
1960000 926.7
1965000 913.8
1970000 906.5
1975000 927.9
1980000 929.1
1985000 943.1
1990000 891.0
1995000 924.6
2000000 922.7
