5000 20.5
10000 32.7
15000 133.6
20000 151.6
25000 106.6
30000 105.3
35000 203.2
40000 69.2
45000 153.3
50000 105.0
55000 203.4
60000 152.4
65000 107.2
70000 60.7
75000 106.2
80000 166.2
85000 207.7
90000 168.0
95000 16.8
100000 108.7
105000 18.2
110000 112.4
115000 162.7
120000 11.7
125000 64.9
130000 117.3
135000 121.3
140000 27.2
145000 142.1
150000 79.3
155000 216.0
160000 29.8
165000 126.5
170000 67.2
175000 137.3
180000 60.6
185000 63.0
190000 76.8
195000 64.0
200000 151.0
205000 136.4
210000 213.4
215000 197.9
220000 371.6
225000 354.7
230000 505.5
235000 530.3
240000 375.3
245000 560.8
250000 423.4
255000 196.8
260000 581.3
265000 640.5
270000 655.5
275000 647.9
280000 663.4
285000 681.5
290000 684.4
295000 644.6
300000 705.2
305000 709.4
310000 698.8
315000 709.9
320000 697.9
325000 737.1
330000 720.6
335000 733.0
340000 750.5
345000 739.1
350000 750.7
355000 774.9
360000 732.7
365000 750.0
370000 778.9
375000 773.6
380000 779.9
385000 440.4
390000 770.7
395000 789.7
400000 798.9
405000 759.4
410000 770.3
415000 750.2
420000 782.8
425000 807.5
430000 789.5
435000 779.0
440000 789.5
445000 795.7
450000 835.2
455000 757.9
460000 827.8
465000 771.8
470000 783.9
475000 782.8
480000 798.0
485000 821.6
490000 824.9
495000 801.0
500000 789.7
505000 811.6
510000 816.3
515000 809.1
520000 847.4
525000 828.7
530000 812.0
535000 819.0
540000 788.1
545000 842.9
550000 820.5
555000 806.9
560000 837.9
565000 797.5
570000 841.3
575000 849.3
580000 830.3
585000 842.5
590000 866.7
595000 850.1
600000 855.5
605000 830.4
610000 821.3
615000 853.3
620000 824.2
625000 815.2
630000 813.2
635000 820.4
640000 861.3
645000 819.2
650000 843.6
655000 844.9
660000 847.5
665000 845.1
670000 843.0
675000 831.3
680000 847.8
685000 861.5
690000 858.1
695000 833.3
700000 812.2
705000 835.5
710000 837.4
715000 839.2
720000 842.6
725000 851.7
730000 826.3
735000 832.6
740000 818.1
745000 833.2
750000 828.3
755000 851.4
760000 853.0
765000 847.0
770000 848.0
775000 860.2
780000 878.1
785000 858.3
790000 898.2
795000 831.9
800000 872.7
805000 869.7
810000 829.6
815000 858.8
820000 864.7
825000 868.9
830000 863.6
835000 867.3
840000 848.1
845000 882.5
850000 868.0
855000 846.1
860000 857.1
865000 851.9
870000 869.5
875000 870.1
880000 865.6
885000 862.8
890000 878.4
895000 871.0
900000 871.9
905000 861.7
910000 888.0
915000 872.1
920000 886.0
925000 894.9
930000 896.3
935000 863.2
940000 884.3
945000 886.9
950000 878.3
955000 878.7
960000 849.6
965000 869.5
970000 835.4
975000 871.5
980000 848.2
985000 883.0
990000 873.1
995000 865.7
1000000 873.9
1005000 869.0
1010000 879.8
1015000 849.3
1020000 877.2
1025000 876.0
1030000 884.0
1035000 896.6
1040000 884.1
1045000 889.8
1050000 872.2
1055000 887.4
1060000 888.0
1065000 889.4
1070000 899.0
1075000 883.8
1080000 865.6
1085000 906.6
1090000 884.4
1095000 871.7
1100000 879.0
1105000 869.5
1110000 896.8
1115000 854.3
1120000 875.2
1125000 874.6
1130000 855.8
1135000 860.1
1140000 865.4
1145000 883.5
1150000 874.5
1155000 887.2
1160000 862.1
1165000 876.2
1170000 885.4
1175000 900.2
1180000 883.6
1185000 874.8
1190000 895.3
1195000 873.5
1200000 870.7
1205000 875.3
1210000 836.8
1215000 867.8
1220000 867.1
1225000 882.6
1230000 869.0
1235000 894.8
1240000 869.3
1245000 883.9
1250000 864.7
1255000 897.4
1260000 848.1
1265000 874.8
1270000 882.2
1275000 871.0
1280000 883.5
1285000 893.7
1290000 877.6
1295000 893.8
1300000 887.1
1305000 884.4
1310000 910.4
1315000 904.8
1320000 877.0
1325000 886.9
1330000 867.9
1335000 903.3
1340000 900.2
1345000 895.1
1350000 895.6
1355000 877.2
1360000 893.9
1365000 863.9
1370000 909.0
1375000 868.3
1380000 904.6
1385000 905.6
1390000 904.0
1395000 909.0
1400000 885.8
1405000 898.5
1410000 878.5
1415000 914.2
1420000 875.9
1425000 897.5
1430000 901.2
1435000 895.8
1440000 893.0
1445000 922.8
1450000 900.1
1455000 890.3
1460000 888.7
1465000 898.6
1470000 895.8
1475000 892.8
1480000 898.1
1485000 913.1
1490000 909.2
1495000 905.5
1500000 895.9
1505000 888.5
1510000 877.8
1515000 883.3
1520000 867.9
1525000 906.0
1530000 894.0
1535000 899.5
1540000 908.7
1545000 901.7
1550000 912.9
1555000 914.3
1560000 892.9
1565000 910.3
1570000 891.0
1575000 889.3
1580000 894.4
1585000 899.4
1590000 890.7
1595000 912.0
1600000 901.9
1605000 900.1
1610000 890.4
1615000 898.8
1620000 907.6
1625000 875.0
1630000 896.7
1635000 901.0
1640000 904.4
1645000 901.4
1650000 897.5
1655000 908.3
1660000 906.0
1665000 892.4
1670000 922.1
1675000 908.9
1680000 883.6
1685000 887.5
1690000 897.7
1695000 905.5
1700000 907.6
1705000 897.7
1710000 896.6
1715000 895.1
1720000 877.2
1725000 912.4
1730000 900.4
1735000 885.5
1740000 890.7
1745000 914.2
1750000 897.8
1755000 912.8
1760000 906.8
1765000 912.2
1770000 864.1
1775000 904.8
1780000 907.0
1785000 878.2
1790000 906.3
1795000 890.2
1800000 882.9
1805000 904.9
1810000 895.5
1815000 902.8
1820000 917.0
1825000 895.8
1830000 926.3
1835000 918.3
1840000 908.1
1845000 914.3
1850000 918.8
1855000 929.3
1860000 917.9
1865000 938.1
1870000 928.4
1875000 913.5
1880000 903.8
1885000 931.4
1890000 898.0
1895000 909.8
1900000 915.7
1905000 936.3
1910000 911.8
1915000 916.3
1920000 922.6
1925000 914.8
1930000 918.2
1935000 932.1
1940000 916.5
1945000 926.7
1950000 903.7
1955000 937.8
1960000 934.2
1965000 925.4
1970000 935.0
1975000 912.8
1980000 929.6
1985000 927.0
1990000 917.6
1995000 932.4
2000000 910.0
