5000 36.4
10000 254.4
15000 109.8
20000 48.0
25000 106.0
30000 57.2
35000 106.3
40000 58.8
45000 27.9
50000 29.8
55000 57.7
60000 156.5
65000 11.1
70000 159.1
75000 157.6
80000 22.3
85000 82.4
90000 62.4
95000 36.8
100000 130.0
105000 157.5
110000 240.7
115000 157.9
120000 159.6
125000 221.4
130000 313.3
135000 208.9
140000 265.7
145000 322.5
150000 256.5
155000 257.4
160000 259.7
165000 283.6
170000 278.2
175000 301.8
180000 266.7
185000 310.5
190000 294.0
195000 313.1
200000 280.9
205000 310.1
210000 278.5
215000 288.1
220000 302.0
225000 181.9
230000 69.6
235000 286.0
240000 120.3
245000 106.0
250000 330.6
255000 300.4
260000 160.1
265000 62.1
270000 101.6
275000 213.4
280000 131.5
285000 55.6
290000 12.9
295000 109.6
300000 70.5
305000 290.4
310000 125.9
315000 97.0
320000 190.2
325000 214.1
330000 95.4
335000 195.6
340000 113.4
345000 209.1
350000 297.2
355000 89.9
360000 75.9
365000 71.1
370000 102.1
375000 102.4
380000 19.5
385000 294.7
390000 17.3
395000 9.1
400000 256.8
405000 456.0
410000 415.6
415000 467.9
420000 473.1
425000 494.7
430000 454.0
435000 509.5
440000 496.7
445000 541.0
450000 537.3
455000 561.1
460000 492.9
465000 602.4
470000 605.4
475000 566.8
480000 631.5
485000 600.9
490000 635.2
495000 617.5
500000 542.6
505000 474.4
510000 618.0
515000 547.4
520000 638.2
525000 651.2
530000 636.2
535000 656.4
540000 652.3
545000 689.8
550000 697.6
555000 654.4
560000 706.0
565000 691.4
570000 623.5
575000 690.3
580000 654.9
585000 711.2
590000 717.3
595000 729.1
600000 700.9
605000 730.3
610000 710.2
615000 704.0
620000 687.1
625000 705.0
630000 688.2
635000 720.1
640000 737.1
645000 726.5
650000 694.8
655000 727.0
660000 678.5
665000 685.3
670000 684.7
675000 679.4
680000 723.5
685000 737.9
690000 717.0
695000 727.5
700000 713.8
705000 739.6
710000 730.6
715000 708.0
720000 711.6
725000 738.0
730000 730.6
735000 725.3
740000 739.3
745000 737.5
750000 746.7
755000 718.8
760000 726.4
765000 713.8
770000 733.6
775000 705.3
780000 728.3
785000 623.2
790000 209.6
795000 323.0
800000 229.9
805000 666.0
810000 653.5
815000 717.7
820000 739.3
825000 735.9
830000 729.7
835000 749.0
840000 710.5
845000 611.1
850000 716.1
855000 699.9
860000 753.9
865000 685.3
870000 752.9
875000 726.9
880000 747.8
885000 738.1
890000 745.8
895000 774.9
900000 772.0
905000 756.9
910000 770.8
915000 758.6
920000 757.8
925000 797.1
930000 778.2
935000 779.7
940000 776.7
945000 772.5
950000 757.1
955000 763.5
960000 778.7
965000 739.6
970000 769.9
975000 767.6
980000 785.9
985000 725.0
990000 784.0
995000 789.3
1000000 785.1
1005000 808.5
1010000 770.4
1015000 792.5
1020000 777.9
1025000 803.1
1030000 774.6
1035000 809.6
1040000 761.4
1045000 792.2
1050000 815.3
1055000 655.8
1060000 808.7
1065000 801.6
1070000 814.8
1075000 800.7
1080000 795.2
1085000 810.8
1090000 795.0
1095000 785.0
1100000 775.4
1105000 786.0
1110000 789.6
1115000 783.1
1120000 780.3
1125000 787.7
1130000 803.0
1135000 795.1
1140000 800.4
1145000 788.7
1150000 779.6
1155000 796.5
1160000 806.8
1165000 779.8
1170000 798.3
1175000 801.5
1180000 778.3
1185000 789.7
1190000 823.3
1195000 799.2
1200000 803.9
1205000 727.9
1210000 776.4
1215000 772.7
1220000 809.8
1225000 826.0
1230000 776.1
1235000 787.4
1240000 808.9
1245000 799.9
1250000 824.4
1255000 642.5
1260000 801.3
1265000 851.7
1270000 827.5
1275000 786.7
1280000 816.2
1285000 836.8
1290000 819.8
1295000 844.9
1300000 833.5
1305000 852.0
1310000 828.8
1315000 521.9
1320000 844.7
1325000 805.2
1330000 845.9
1335000 836.9
1340000 853.5
1345000 861.4
1350000 858.3
1355000 789.3
1360000 816.8
1365000 846.1
1370000 800.3
1375000 821.9
1380000 820.0
1385000 851.3
1390000 839.1
1395000 245.3
1400000 848.1
1405000 860.1
1410000 503.9
1415000 246.3
1420000 842.4
1425000 146.9
1430000 849.7
1435000 853.9
1440000 831.0
1445000 162.1
1450000 852.6
1455000 853.1
1460000 867.6
1465000 879.5
1470000 866.0
1475000 865.0
1480000 877.2
1485000 863.4
1490000 861.9
1495000 856.0
1500000 882.3
1505000 864.2
1510000 886.9
1515000 878.8
1520000 856.0
