5000 206.6
10000 245.4
15000 108.2
20000 64.6
25000 158.6
30000 61.7
35000 113.8
40000 62.4
45000 303.7
50000 59.2
55000 60.7
60000 162.9
65000 22.9
70000 81.4
75000 55.6
80000 36.9
85000 65.7
90000 88.5
95000 105.2
100000 81.8
105000 139.2
110000 139.6
115000 139.4
120000 173.1
125000 167.8
130000 226.5
135000 178.3
140000 185.0
145000 225.3
150000 180.6
155000 198.0
160000 202.7
165000 199.7
170000 218.7
175000 217.4
180000 236.0
185000 206.5
190000 229.8
195000 218.3
200000 226.9
205000 199.0
210000 212.3
215000 249.0
220000 212.2
225000 215.2
230000 268.2
235000 203.9
240000 185.0
245000 181.7
250000 211.1
255000 201.9
260000 209.7
265000 143.4
270000 155.7
275000 234.4
280000 220.0
285000 256.3
290000 224.7
295000 203.1
300000 213.5
305000 213.3
310000 247.1
315000 156.9
320000 264.1
325000 232.4
330000 311.6
335000 286.5
340000 249.7
345000 357.1
350000 260.1
355000 275.3
360000 277.5
365000 275.4
370000 308.9
375000 286.4
380000 282.7
385000 303.3
390000 328.7
395000 263.1
400000 310.8
405000 281.8
410000 307.7
415000 321.3
420000 309.2
425000 262.3
430000 281.7
435000 277.0
440000 284.0
445000 348.3
450000 311.8
455000 268.0
460000 254.2
465000 258.4
470000 268.2
475000 273.7
480000 270.8
485000 356.2
490000 265.0
495000 270.5
500000 304.5
505000 305.1
510000 250.8
515000 246.3
520000 207.2
525000 196.1
530000 39.0
535000 281.4
540000 280.8
545000 101.9
550000 302.0
555000 254.1
560000 250.4
565000 241.9
570000 230.0
575000 295.0
580000 205.4
585000 443.2
590000 441.1
595000 23.6
600000 40.4
605000 104.4
610000 164.7
615000 261.9
620000 61.0
625000 10.5
630000 25.0
635000 24.9
640000 166.6
645000 17.7
650000 56.9
655000 33.5
660000 158.8
665000 62.8
670000 30.4
675000 91.6
680000 25.0
685000 188.5
690000 131.0
695000 16.8
700000 235.0
705000 467.5
710000 17.4
715000 17.3
720000 411.3
725000 230.1
730000 15.8
735000 25.6
740000 165.3
745000 79.6
750000 361.3
755000 23.4
760000 262.9
765000 240.7
770000 207.1
775000 56.2
780000 60.0
785000 111.0
790000 75.2
795000 23.3
800000 17.3
805000 94.9
810000 62.7
815000 58.5
820000 198.0
825000 154.8
830000 72.0
835000 156.6
840000 57.6
845000 77.3
850000 207.8
855000 58.2
860000 64.2
865000 74.2
870000 113.3
875000 87.4
880000 57.1
885000 68.0
890000 169.2
895000 175.7
900000 34.5
905000 95.5
910000 128.6
915000 11.2
920000 21.1
925000 205.7
930000 167.6
935000 152.9
940000 51.3
945000 109.7
950000 139.6
955000 82.7
960000 110.0
965000 32.4
970000 115.5
975000 211.0
980000 151.9
985000 35.1
990000 107.9
995000 24.7
1000000 77.8
1005000 254.0
1010000 133.2
1015000 219.4
1020000 60.2
1025000 156.3
1030000 255.6
1035000 168.8
1040000 132.8
1045000 114.8
1050000 146.1
1055000 160.2
1060000 209.5
1065000 61.2
1070000 34.1
1075000 105.2
1080000 247.1
1085000 101.9
1090000 40.1
1095000 119.9
1100000 99.8
1105000 6.2
1110000 120.3
1115000 43.5
1120000 201.6
1125000 62.3
1130000 127.3
1135000 87.6
1140000 21.6
1145000 14.3
1150000 35.0
1155000 141.5
1160000 110.5
1165000 59.3
1170000 208.4
1175000 43.0
1180000 86.6
1185000 18.3
1190000 122.9
1195000 114.5
1200000 90.9
1205000 211.9
1210000 47.5
1215000 154.5
1220000 72.1
1225000 192.5
1230000 121.8
1235000 174.3
1240000 114.1
1245000 67.0
1250000 81.4
1255000 156.2
1260000 84.6
1265000 201.9
1270000 127.9
1275000 151.8
1280000 28.4
1285000 165.6
1290000 42.3
1295000 32.3
1300000 12.7
1305000 54.1
1310000 85.9
1315000 115.7
1320000 17.7
1325000 17.1
1330000 19.3
1335000 266.2
1340000 258.5
1345000 151.3
1350000 94.7
1355000 74.9
1360000 59.7
1365000 114.8
1370000 30.2
1375000 38.3
1380000 33.4
1385000 82.3
1390000 36.1
1395000 115.7
1400000 42.3
1405000 204.2
1410000 83.1
1415000 22.0
1420000 67.0
1425000 36.9
1430000 79.5
1435000 22.0
1440000 93.3
1445000 82.2
1450000 128.9
1455000 105.7
1460000 11.6
1465000 116.4
1470000 232.8
1475000 103.5
1480000 23.9
1485000 75.8
1490000 133.9
1495000 42.7
1500000 119.9
1505000 150.8
1510000 154.6
1515000 109.6
1520000 156.5
1525000 82.1
1530000 250.4
1535000 129.5
1540000 112.0
1545000 14.5
1550000 129.8
1555000 34.6
1560000 207.2
1565000 128.8
1570000 63.4
1575000 14.3
1580000 189.1
1585000 59.2
1590000 199.8
1595000 16.9
1600000 64.1
1605000 65.4
1610000 150.5
1615000 52.5
1620000 115.9
1625000 152.8
1630000 131.4
1635000 104.3
1640000 66.9
1645000 64.4
1650000 106.4
1655000 5.0
1660000 145.0
1665000 58.3
1670000 36.4
1675000 153.8
1680000 49.3
1685000 150.1
1690000 24.7
1695000 58.9
1700000 31.5
1705000 35.1
1710000 202.4
1715000 149.5
1720000 173.8
1725000 154.6
1730000 153.5
1735000 74.7
1740000 57.2
1745000 119.6
1750000 95.0
1755000 169.2
1760000 34.7
1765000 57.3
1770000 155.9
1775000 12.2
1780000 76.0
1785000 56.0
1790000 159.6
1795000 143.8
1800000 127.6
1805000 110.9
1810000 112.4
1815000 21.9
1820000 138.5
1825000 18.9
1830000 31.0
1835000 68.4
1840000 62.6
1845000 75.0
1850000 181.6
1855000 85.3
1860000 132.1
1865000 122.8
1870000 37.9
1875000 205.5
1880000 89.1
1885000 153.5
1890000 172.5
1895000 62.5
1900000 61.9
1905000 83.9
1910000 56.7
1915000 94.0
1920000 157.9
1925000 20.7
1930000 25.1
1935000 77.6
1940000 89.2
1945000 73.0
1950000 175.2
1955000 109.6
1960000 162.4
1965000 62.9
1970000 37.8
1975000 179.9
1980000 159.4
1985000 133.3
1990000 39.1
1995000 19.0
2000000 15.0
