10000 152.8
20000 195.7
30000 118.0
40000 16.7
50000 116.3
60000 41.9
70000 44.4
80000 157.6
90000 81.5
100000 132.0
110000 34.4
120000 30.2
130000 44.5
140000 19.6
150000 63.6
160000 21.3
170000 60.8
180000 23.3
190000 21.8
200000 56.0
210000 16.0
220000 39.3
230000 33.3
240000 74.4
250000 37.9
260000 143.8
270000 25.6
280000 17.3
290000 23.5
300000 23.7
310000 48.4
320000 79.3
330000 43.4
340000 24.3
350000 46.1
360000 15.5
370000 18.7
380000 48.5
390000 33.0
400000 64.5
410000 71.2
420000 20.2
430000 69.0
440000 31.7
450000 114.4
460000 90.3
470000 46.0
480000 66.8
490000 23.5
500000 161.4
