10000 106.4
20000 52.9
30000 83.9
40000 233.6
50000 102.4
60000 96.4
70000 70.4
80000 40.0
90000 26.9
100000 21.6
110000 77.0
120000 61.1
130000 17.9
140000 63.4
150000 52.9
160000 70.9
170000 24.7
180000 20.7
190000 16.6
200000 22.9
210000 42.5
220000 43.0
230000 101.2
240000 75.2
250000 60.0
260000 37.2
270000 66.2
280000 49.8
290000 40.6
300000 86.0
310000 72.3
320000 23.4
330000 94.7
340000 51.3
350000 35.1
360000 63.8
370000 19.9
380000 99.5
390000 16.8
400000 10.7
410000 20.7
420000 43.8
430000 33.4
440000 97.6
450000 50.2
460000 76.8
470000 67.8
480000 33.6
490000 32.2
500000 41.2
