10000 107.0
20000 156.2
30000 326.7
40000 101.0
50000 62.6
60000 74.5
70000 170.0
80000 171.1
90000 155.1
100000 121.0
110000 105.9
120000 200.3
130000 94.0
140000 88.9
150000 57.2
160000 130.1
170000 149.6
180000 63.6
190000 78.7
200000 66.3
210000 79.7
220000 61.1
230000 92.3
240000 57.7
250000 81.7
260000 131.8
270000 22.1
280000 63.2
290000 70.7
300000 56.5
310000 29.9
320000 76.7
330000 103.9
340000 159.3
350000 23.2
360000 85.2
370000 53.0
380000 30.4
390000 90.5
400000 125.6
410000 38.2
420000 124.2
430000 70.6
440000 65.4
450000 50.4
460000 93.5
470000 140.1
480000 45.2
490000 103.0
500000 101.1
