10000 56.3
20000 8.3
30000 94.9
40000 136.2
50000 124.3
60000 159.9
70000 152.9
80000 65.5
90000 131.3
100000 124.7
110000 122.9
120000 136.2
130000 265.6
140000 176.5
150000 267.8
160000 174.7
170000 245.1
180000 285.8
190000 348.0
200000 192.4
210000 341.0
220000 302.3
230000 287.9
240000 363.6
250000 290.5
260000 386.2
270000 168.4
280000 183.2
290000 208.4
300000 128.4
310000 164.8
320000 211.5
330000 131.0
340000 39.7
350000 29.4
360000 35.8
370000 73.9
380000 57.7
390000 127.5
400000 161.8
410000 107.4
420000 83.3
430000 118.5
440000 70.7
450000 50.9
460000 27.7
470000 44.9
480000 71.2
490000 81.8
500000 20.7
