10000 300.5
20000 19.0
30000 123.7
40000 104.5
50000 106.1
60000 137.8
70000 35.8
80000 47.6
90000 235.8
100000 106.2
110000 85.7
120000 185.4
130000 147.5
140000 152.9
150000 254.1
160000 166.7
170000 299.0
180000 168.2
190000 179.8
200000 184.8
210000 247.8
220000 331.1
230000 300.8
240000 281.7
250000 194.2
260000 241.4
270000 322.4
280000 229.5
290000 240.9
300000 336.9
310000 277.0
320000 329.9
330000 410.3
340000 429.3
350000 379.6
360000 266.0
370000 385.0
380000 346.3
390000 224.1
400000 316.5
410000 338.0
420000 338.7
430000 385.7
440000 374.9
450000 369.4
460000 401.5
470000 390.5
480000 396.2
490000 364.7
500000 315.4
