10000 154.8
20000 175.0
30000 48.9
40000 129.4
50000 92.0
60000 74.5
70000 87.3
80000 43.5
90000 161.9
100000 213.9
110000 34.4
120000 74.2
130000 73.1
140000 98.1
150000 72.6
160000 39.4
170000 27.4
180000 123.4
190000 29.4
200000 45.6
210000 44.5
220000 154.1
230000 34.8
240000 35.7
250000 35.3
260000 85.2
270000 76.5
280000 29.8
290000 96.4
300000 65.8
310000 77.6
320000 91.0
330000 21.0
340000 23.9
350000 57.5
360000 31.4
370000 30.1
380000 30.6
390000 59.6
400000 27.7
410000 106.1
420000 110.8
430000 89.6
440000 184.8
450000 236.6
460000 198.4
470000 173.1
480000 248.4
490000 168.2
500000 225.9
