10000 198.4
20000 33.8
30000 31.5
40000 152.1
50000 51.2
60000 70.8
70000 102.2
80000 70.8
90000 28.3
100000 100.5
110000 85.5
120000 55.9
130000 32.6
140000 133.4
150000 66.9
160000 127.6
170000 29.2
180000 87.4
190000 61.5
200000 49.9
210000 123.1
220000 78.8
230000 129.3
240000 116.9
250000 21.0
260000 52.1
270000 59.1
280000 139.3
290000 63.5
300000 64.5
310000 125.8
320000 36.3
330000 29.4
340000 72.5
350000 50.9
360000 58.5
370000 24.4
380000 113.2
390000 26.2
400000 49.9
410000 125.8
420000 165.0
430000 124.4
440000 177.3
450000 110.7
460000 257.5
470000 131.6
480000 135.9
490000 277.4
500000 193.4
