10000 107.4
20000 106.9
30000 172.1
40000 66.7
50000 134.9
60000 170.4
70000 221.7
80000 212.4
90000 202.2
100000 145.7
110000 159.0
120000 279.0
130000 100.2
140000 125.5
150000 245.7
160000 211.8
170000 161.0
180000 132.6
190000 120.7
200000 231.2
210000 212.6
220000 155.6
230000 241.0
240000 195.6
250000 236.3
260000 390.9
270000 236.1
280000 296.5
290000 292.4
300000 273.1
310000 284.6
320000 181.3
330000 186.6
340000 344.3
350000 265.3
360000 369.3
370000 340.4
380000 279.4
390000 345.3
400000 391.3
410000 198.5
420000 388.6
430000 365.8
440000 460.7
450000 429.3
460000 414.3
470000 459.7
480000 394.6
490000 425.2
500000 450.0
