10000 57.8
20000 9.4
30000 87.4
40000 40.6
50000 219.7
60000 107.2
70000 49.8
80000 69.0
90000 110.6
100000 121.6
110000 120.5
120000 206.6
130000 197.5
140000 162.3
150000 252.9
160000 134.9
170000 223.3
180000 134.8
190000 188.6
200000 131.7
210000 212.2
220000 135.8
230000 219.3
240000 288.7
250000 252.7
260000 209.5
270000 163.9
280000 249.9
290000 223.4
300000 236.0
310000 160.1
320000 283.7
330000 257.3
340000 283.9
350000 164.3
360000 204.9
370000 276.2
380000 223.7
390000 387.1
400000 378.4
410000 130.0
420000 397.7
430000 451.9
440000 392.6
450000 465.9
460000 442.1
470000 410.1
480000 349.6
490000 356.7
500000 391.3
