10000 300.6
20000 32.5
30000 63.4
40000 105.7
50000 24.2
60000 91.2
70000 60.5
80000 18.5
90000 92.1
100000 153.8
110000 52.0
120000 128.8
130000 84.6
140000 35.7
150000 100.5
160000 94.6
170000 31.3
180000 48.0
190000 18.6
200000 74.3
210000 41.7
220000 38.1
230000 123.3
240000 100.4
250000 69.1
260000 73.1
270000 117.3
280000 21.1
290000 126.1
300000 133.9
310000 70.4
320000 122.8
330000 124.3
340000 37.2
350000 237.4
360000 34.0
370000 143.3
380000 126.3
390000 81.7
400000 153.6
410000 102.8
420000 36.8
430000 71.1
440000 120.0
450000 109.2
460000 137.5
470000 179.9
480000 273.8
490000 172.2
500000 162.1
