5000 39.9
10000 31.4
15000 80.1
20000 59.0
25000 109.5
30000 61.4
35000 111.1
40000 63.1
45000 255.2
50000 58.7
55000 59.2
60000 64.1
65000 62.5
70000 27.6
75000 124.0
80000 10.9
85000 35.0
90000 73.7
95000 13.7
100000 108.2
105000 41.7
110000 92.7
115000 83.6
120000 59.5
125000 95.3
130000 61.4
135000 72.4
140000 70.3
145000 41.7
150000 213.9
155000 102.4
160000 188.2
165000 63.0
170000 216.8
175000 211.0
180000 215.5
185000 212.6
190000 351.0
195000 451.5
200000 417.1
205000 480.5
210000 473.6
215000 468.0
220000 331.1
225000 444.4
230000 354.7
235000 474.5
240000 483.3
245000 494.7
250000 509.6
255000 565.1
260000 531.3
265000 530.8
270000 523.1
275000 583.5
280000 539.9
285000 496.9
290000 573.4
295000 585.7
300000 576.5
305000 562.4
310000 576.4
315000 621.4
320000 602.8
325000 660.5
330000 637.7
335000 647.1
340000 610.3
345000 697.9
350000 668.3
355000 629.3
360000 610.5
365000 678.8
370000 731.2
375000 716.6
380000 749.9
385000 724.3
390000 699.1
395000 680.7
400000 695.6
405000 722.2
410000 716.9
415000 730.8
420000 739.0
425000 732.8
430000 751.5
435000 775.3
440000 772.8
445000 766.7
450000 688.0
455000 734.3
460000 763.4
465000 792.1
470000 779.8
475000 748.2
480000 766.5
485000 769.6
490000 751.6
495000 786.4
500000 754.8
505000 792.7
510000 778.5
515000 796.2
520000 764.6
525000 781.0
530000 770.5
535000 772.2
540000 783.0
545000 802.3
550000 779.0
555000 783.7
560000 811.9
565000 808.8
570000 805.9
575000 801.1
580000 843.0
585000 830.9
590000 792.4
595000 826.0
600000 824.4
605000 814.3
610000 784.0
615000 811.7
620000 812.5
625000 796.8
630000 811.6
635000 804.5
640000 837.4
645000 819.5
650000 791.2
655000 805.3
660000 829.5
665000 803.1
670000 827.0
675000 811.0
680000 815.9
685000 828.3
690000 833.5
695000 812.2
700000 820.3
705000 828.6
710000 815.2
715000 820.6
720000 808.9
725000 836.9
730000 817.7
735000 823.3
740000 816.2
745000 818.5
750000 812.5
755000 818.2
760000 823.4
765000 809.8
770000 839.8
775000 796.8
780000 810.8
785000 815.7
790000 835.8
795000 818.9
800000 827.6
805000 824.9
810000 829.3
815000 796.1
820000 838.0
825000 830.2
830000 814.8
835000 822.1
840000 822.7
845000 845.5
850000 840.9
855000 828.1
860000 826.3
865000 825.5
870000 839.7
875000 822.1
880000 822.6
885000 830.1
890000 849.9
895000 857.6
900000 837.9
905000 840.0
910000 856.9
915000 816.4
920000 843.5
925000 847.3
930000 852.7
935000 846.8
940000 836.3
945000 853.3
950000 870.9
955000 849.0
960000 866.1
965000 849.4
970000 859.2
975000 860.1
980000 863.9
985000 834.6
990000 873.2
995000 846.5
1000000 855.0
1005000 863.6
1010000 832.9
1015000 871.5
1020000 846.8
1025000 858.8
1030000 873.8
1035000 883.3
1040000 847.6
1045000 868.8
1050000 852.8
1055000 850.8
1060000 866.9
1065000 837.8
1070000 844.9
1075000 853.8
1080000 876.2
1085000 866.6
1090000 874.8
1095000 877.7
1100000 870.9
1105000 870.1
1110000 891.1
1115000 868.2
1120000 883.4
1125000 862.0
1130000 858.8
1135000 850.8
1140000 869.4
1145000 874.3
1150000 858.2
1155000 893.2
1160000 879.9
1165000 865.2
1170000 860.4
1175000 897.1
1180000 882.2
1185000 875.2
1190000 865.0
1195000 880.1
1200000 873.6
1205000 883.8
1210000 882.4
1215000 875.6
1220000 856.6
1225000 889.9
1230000 871.4
1235000 879.2
1240000 881.3
1245000 875.9
1250000 875.6
1255000 881.1
1260000 889.1
1265000 872.0
1270000 872.9
1275000 880.0
1280000 893.8
1285000 889.0
1290000 880.0
1295000 888.5
1300000 868.0
1305000 893.4
1310000 891.2
1315000 898.2
1320000 892.1
1325000 894.8
1330000 883.4
1335000 892.7
1340000 891.5
1345000 885.5
1350000 898.0
1355000 885.9
1360000 891.7
1365000 864.4
1370000 899.7
1375000 874.5
1380000 873.6
1385000 887.6
1390000 889.6
1395000 896.5
1400000 881.6
1405000 890.5
1410000 909.3
1415000 906.5
1420000 886.3
1425000 872.6
1430000 884.0
1435000 894.2
1440000 896.5
1445000 893.6
1450000 905.2
1455000 884.8
1460000 879.9
1465000 913.8
1470000 903.8
1475000 900.4
1480000 905.5
1485000 903.1
1490000 894.2
1495000 897.9
1500000 893.2
1505000 881.9
1510000 898.3
1515000 887.2
1520000 861.0
1525000 889.7
1530000 902.3
1535000 893.2
1540000 900.7
1545000 880.5
1550000 876.8
1555000 898.8
1560000 902.6
1565000 898.4
1570000 906.3
1575000 876.4
1580000 916.0
1585000 903.5
1590000 910.0
1595000 894.9
1600000 901.9
1605000 905.4
1610000 909.8
1615000 918.5
1620000 901.6
1625000 908.6
1630000 888.0
1635000 897.3
1640000 895.2
1645000 901.7
1650000 887.8
1655000 892.1
1660000 895.5
1665000 919.6
1670000 882.0
1675000 901.2
1680000 897.6
1685000 899.9
1690000 887.3
1695000 911.0
1700000 888.1
1705000 901.1
1710000 906.5
1715000 911.9
1720000 912.8
1725000 919.7
1730000 893.8
1735000 910.2
1740000 882.6
1745000 907.7
1750000 893.3
1755000 894.6
1760000 902.2
1765000 903.9
1770000 913.0
1775000 893.3
1780000 906.2
1785000 887.1
1790000 902.9
1795000 912.9
1800000 909.9
1805000 892.2
1810000 891.7
1815000 899.6
1820000 906.4
1825000 890.8
1830000 894.1
1835000 913.7
1840000 902.6
1845000 884.8
1850000 908.8
1855000 911.8
1860000 898.6
1865000 908.4
1870000 896.3
1875000 899.4
1880000 907.9
1885000 910.4
1890000 900.5
1895000 905.5
1900000 903.9
1905000 913.3
1910000 903.8
1915000 899.8
1920000 903.7
1925000 909.2
1930000 898.9
1935000 895.8
1940000 898.5
1945000 889.8
1950000 917.1
1955000 911.3
1960000 905.9
1965000 897.9
1970000 907.2
1975000 916.5
1980000 901.5
1985000 894.8
1990000 895.5
1995000 907.8
2000000 905.2
