5000 171.2
10000 237.3
15000 101.7
20000 151.9
25000 21.8
30000 114.6
35000 89.9
40000 82.9
45000 59.4
50000 8.6
55000 103.5
60000 61.1
65000 12.5
70000 63.1
75000 118.3
80000 158.5
85000 61.1
90000 36.7
95000 13.1
100000 14.2
105000 67.8
110000 131.0
115000 162.0
120000 224.3
125000 74.7
130000 138.3
135000 138.9
140000 155.0
145000 46.2
150000 131.8
155000 128.9
160000 101.4
165000 157.4
170000 104.4
175000 198.3
180000 120.9
185000 159.0
190000 342.9
195000 244.3
200000 206.0
205000 279.1
210000 303.6
215000 230.2
220000 394.2
225000 284.0
230000 245.0
235000 244.3
240000 266.0
245000 372.1
250000 322.1
255000 289.8
260000 334.8
265000 330.9
270000 291.8
275000 380.2
280000 334.3
285000 411.8
290000 354.5
295000 420.0
300000 299.6
305000 350.8
310000 300.5
315000 348.8
320000 469.5
325000 254.1
330000 436.9
335000 473.7
340000 360.2
345000 409.6
350000 417.8
355000 362.2
360000 312.6
365000 542.4
370000 310.6
375000 425.6
380000 425.3
385000 368.9
390000 416.6
395000 419.7
400000 426.2
405000 361.5
410000 375.1
415000 312.1
420000 424.4
425000 255.9
430000 368.6
435000 361.6
440000 338.7
445000 375.3
450000 316.1
455000 428.6
460000 374.4
465000 255.2
470000 255.9
475000 439.7
480000 313.9
485000 316.0
490000 312.9
495000 257.0
500000 438.9
505000 314.9
510000 311.8
515000 256.0
520000 421.4
525000 256.7
530000 382.1
535000 254.7
540000 368.6
545000 432.4
550000 435.7
555000 370.3
560000 371.5
565000 396.1
570000 500.4
575000 365.5
580000 447.5
585000 433.0
590000 556.3
595000 250.8
600000 254.4
605000 545.1
610000 380.9
615000 430.2
620000 316.4
625000 438.4
630000 463.2
635000 365.2
640000 437.6
645000 433.8
650000 581.0
655000 437.2
660000 437.1
665000 311.9
670000 446.1
675000 505.5
680000 476.1
685000 501.7
690000 433.0
695000 379.9
700000 371.4
705000 503.6
710000 380.2
715000 432.8
720000 313.1
725000 318.3
730000 310.3
735000 374.9
740000 509.5
745000 564.6
750000 511.5
755000 377.6
760000 316.6
765000 566.8
770000 387.5
775000 389.8
780000 378.4
785000 448.4
790000 512.6
795000 433.3
800000 676.0
805000 570.8
810000 499.2
815000 502.3
820000 435.2
825000 491.7
830000 502.7
835000 623.9
840000 366.6
845000 316.9
850000 494.4
855000 440.4
860000 441.9
865000 443.9
870000 625.0
875000 572.7
880000 377.7
885000 315.8
890000 563.9
895000 508.1
900000 378.2
905000 430.8
910000 501.9
915000 252.3
920000 516.5
925000 574.2
930000 384.5
935000 438.7
940000 453.2
945000 428.8
950000 319.4
955000 436.1
960000 446.7
965000 454.4
970000 515.2
975000 366.5
980000 558.0
985000 620.1
990000 562.6
995000 504.8
1000000 521.0
1005000 317.9
1010000 375.6
1015000 382.1
1020000 463.2
1025000 454.2
1030000 561.1
1035000 444.3
1040000 379.0
1045000 439.4
1050000 483.5
1055000 351.6
1060000 396.0
1065000 381.5
1070000 380.0
1075000 489.4
1080000 377.6
1085000 507.7
1090000 445.2
1095000 511.3
1100000 566.8
1105000 448.0
1110000 317.9
1115000 432.6
1120000 633.6
1125000 371.9
1130000 370.3
1135000 827.5
1140000 315.7
1145000 453.3
1150000 441.5
1155000 635.2
1160000 314.5
1165000 488.1
1170000 375.5
1175000 384.7
1180000 520.0
1185000 451.4
1190000 449.3
1195000 374.8
1200000 370.3
1205000 403.9
1210000 430.8
1215000 434.8
1220000 503.9
1225000 386.4
1230000 447.9
1235000 639.9
1240000 320.0
1245000 429.2
1250000 314.0
1255000 506.5
1260000 564.2
1265000 473.4
1270000 443.9
1275000 374.8
1280000 317.5
1285000 449.0
1290000 445.6
1295000 481.5
1300000 522.9
1305000 387.0
1310000 321.4
1315000 504.8
1320000 443.9
1325000 309.6
1330000 447.6
1335000 380.7
1340000 568.8
1345000 389.0
1350000 435.6
1355000 443.5
1360000 514.2
1365000 447.2
1370000 546.0
1375000 388.0
1380000 382.0
1385000 441.3
1390000 313.6
1395000 532.0
1400000 389.2
1405000 579.7
1410000 352.2
1415000 441.3
1420000 422.9
1425000 378.0
1430000 333.9
1435000 583.4
1440000 625.9
1445000 325.7
1450000 568.8
1455000 654.6
1460000 347.1
1465000 644.4
1470000 600.1
1475000 642.3
1480000 771.5
1485000 807.3
1490000 803.3
1495000 655.3
1500000 626.7
1505000 770.2
1510000 668.5
1515000 624.6
1520000 854.3
1525000 833.3
1530000 706.4
1535000 859.1
1540000 856.6
1545000 859.1
1550000 796.3
1555000 798.4
1560000 830.2
1565000 894.0
1570000 869.1
1575000 864.1
1580000 862.7
1585000 907.2
1590000 890.8
1595000 897.1
1600000 870.9
1605000 868.8
1610000 847.9
1615000 874.5
1620000 771.6
1625000 889.2
1630000 879.6
1635000 873.0
1640000 898.6
1645000 905.6
1650000 863.8
1655000 892.4
1660000 886.5
1665000 896.3
1670000 842.2
1675000 868.6
1680000 878.4
1685000 891.8
1690000 863.4
1695000 874.7
1700000 871.1
1705000 871.0
1710000 803.8
1715000 906.5
1720000 872.7
1725000 868.2
1730000 874.5
1735000 895.9
1740000 896.5
1745000 876.7
1750000 885.2
1755000 872.8
1760000 900.8
1765000 903.1
1770000 867.9
1775000 883.4
1780000 881.6
1785000 848.7
1790000 895.5
1795000 868.0
1800000 908.3
1805000 838.1
1810000 890.3
1815000 886.0
1820000 911.1
1825000 902.3
1830000 911.1
1835000 857.8
1840000 895.2
1845000 886.2
1850000 893.6
1855000 894.2
1860000 904.3
1865000 837.0
1870000 939.0
1875000 777.6
1880000 898.5
1885000 872.0
1890000 902.2
1895000 854.7
1900000 916.1
1905000 877.6
1910000 903.0
1915000 904.5
1920000 933.5
1925000 920.1
1930000 902.0
1935000 919.2
1940000 908.6
1945000 914.7
1950000 898.1
1955000 915.2
1960000 908.0
1965000 914.5
1970000 859.5
1975000 930.9
1980000 928.6
1985000 927.0
1990000 901.3
1995000 937.2
2000000 914.1
