5000 126.6
10000 149.1
15000 155.1
20000 154.2
25000 104.1
30000 207.3
35000 107.8
40000 58.9
45000 207.0
50000 108.6
55000 112.9
60000 164.2
65000 50.9
70000 116.7
75000 74.5
80000 115.6
85000 70.4
90000 144.5
95000 137.5
100000 14.3
105000 32.3
110000 51.8
115000 28.4
120000 61.5
125000 27.6
130000 14.9
135000 151.3
140000 67.5
145000 59.3
150000 82.2
155000 65.4
160000 21.7
165000 205.0
170000 66.8
175000 27.1
180000 88.9
185000 82.9
190000 70.8
195000 207.5
200000 247.3
205000 268.0
210000 138.4
215000 407.9
220000 302.2
225000 332.9
230000 418.3
235000 398.1
240000 498.6
245000 409.3
250000 449.6
255000 430.5
260000 302.5
265000 482.6
270000 493.8
275000 491.6
280000 542.6
285000 526.2
290000 533.6
295000 503.7
300000 524.7
305000 582.7
310000 577.0
315000 617.6
320000 593.2
325000 563.6
330000 611.0
335000 569.1
340000 280.4
345000 304.9
350000 315.1
355000 519.3
360000 565.4
365000 590.4
370000 552.4
375000 583.4
380000 634.8
385000 634.5
390000 582.8
395000 650.0
400000 652.6
405000 620.0
410000 618.6
415000 626.8
420000 660.8
425000 625.4
430000 627.4
435000 644.1
440000 673.9
445000 674.1
450000 682.9
455000 690.6
460000 689.3
465000 652.6
470000 678.7
475000 677.3
480000 681.3
485000 690.5
490000 662.5
495000 702.7
500000 690.1
505000 627.7
510000 681.7
515000 658.6
520000 633.3
525000 689.9
530000 645.1
535000 674.7
540000 697.4
545000 711.1
550000 705.4
555000 722.1
560000 716.0
565000 723.6
570000 728.2
575000 707.8
580000 741.6
585000 704.8
590000 726.2
595000 736.8
600000 716.1
605000 736.2
610000 754.7
615000 727.1
620000 726.2
625000 741.5
630000 756.9
635000 739.8
640000 727.3
645000 746.3
650000 720.4
655000 759.3
660000 738.1
665000 706.1
670000 783.0
675000 739.1
680000 745.6
685000 769.0
690000 533.7
695000 664.6
700000 84.9
705000 80.4
710000 246.0
715000 258.5
720000 390.6
725000 609.8
730000 565.6
735000 706.7
740000 794.8
745000 727.0
750000 720.5
755000 763.1
760000 757.2
765000 773.8
770000 786.0
775000 766.5
780000 742.5
785000 743.9
790000 782.4
795000 755.8
800000 733.9
805000 800.3
810000 772.9
815000 762.7
820000 795.5
825000 794.5
830000 789.7
835000 787.9
840000 780.2
845000 787.4
850000 800.5
855000 810.6
860000 769.8
865000 763.1
870000 733.8
875000 789.3
880000 792.0
885000 790.0
890000 783.8
895000 810.3
900000 798.0
905000 807.2
910000 800.4
915000 791.4
920000 800.3
925000 766.4
930000 798.3
935000 801.4
940000 805.5
945000 791.8
950000 798.9
955000 802.3
960000 800.6
965000 782.3
970000 818.6
975000 791.0
980000 842.7
985000 794.9
990000 826.1
995000 803.3
1000000 834.6
1005000 799.8
1010000 804.7
1015000 815.3
1020000 801.9
1025000 827.4
1030000 790.0
1035000 753.6
1040000 824.6
1045000 839.6
1050000 816.5
1055000 823.3
1060000 813.4
1065000 800.3
1070000 831.0
1075000 828.7
1080000 844.9
1085000 840.1
1090000 833.7
1095000 836.0
1100000 850.7
1105000 840.4
1110000 831.5
1115000 853.0
1120000 836.6
1125000 848.9
1130000 863.5
1135000 826.0
1140000 848.3
1145000 848.4
1150000 852.6
1155000 849.7
1160000 831.1
1165000 863.1
1170000 872.8
1175000 857.6
1180000 840.2
1185000 849.6
1190000 820.1
1195000 858.9
1200000 761.6
1205000 848.1
1210000 861.3
1215000 840.0
1220000 871.4
1225000 856.3
1230000 864.7
1235000 840.3
1240000 842.8
1245000 861.8
1250000 874.3
1255000 868.5
1260000 886.5
1265000 868.1
1270000 850.8
1275000 855.7
1280000 853.2
1285000 879.0
1290000 799.1
1295000 863.2
1300000 848.4
1305000 841.6
1310000 856.1
1315000 859.2
1320000 855.0
1325000 872.0
1330000 871.6
1335000 865.6
1340000 851.2
1345000 885.1
1350000 879.1
1355000 854.4
1360000 847.4
1365000 882.9
1370000 869.6
1375000 868.5
1380000 882.8
1385000 884.9
1390000 850.4
1395000 841.6
1400000 868.2
1405000 873.1
1410000 861.4
1415000 865.3
1420000 874.9
1425000 900.6
1430000 899.6
1435000 863.0
1440000 881.4
1445000 875.8
1450000 887.7
1455000 868.6
1460000 887.5
1465000 880.5
1470000 889.0
1475000 856.2
1480000 885.4
1485000 880.0
1490000 899.8
1495000 885.7
1500000 891.1
1505000 891.0
1510000 904.2
1515000 887.3
1520000 893.6
1525000 877.4
1530000 894.9
1535000 900.4
1540000 899.1
1545000 895.3
1550000 887.5
1555000 837.8
1560000 889.3
1565000 911.2
1570000 910.3
1575000 878.0
1580000 899.7
1585000 896.9
1590000 889.3
1595000 913.3
1600000 882.7
1605000 895.7
1610000 918.5
1615000 896.7
1620000 916.8
1625000 892.2
1630000 712.9
1635000 905.3
1640000 905.0
1645000 913.8
1650000 902.5
1655000 905.6
1660000 887.3
1665000 873.3
1670000 904.6
1675000 475.2
1680000 468.6
1685000 19.7
1690000 371.5
1695000 284.8
1700000 454.0
1705000 631.6
1710000 810.5
1715000 852.0
1720000 885.5
1725000 897.4
1730000 910.3
1735000 807.0
1740000 866.4
1745000 901.5
1750000 896.0
1755000 906.9
1760000 893.3
1765000 884.9
1770000 908.8
1775000 895.3
1780000 896.3
1785000 854.8
1790000 893.7
1795000 913.2
1800000 901.6
1805000 892.7
1810000 902.9
1815000 877.3
1820000 886.3
1825000 869.4
1830000 906.5
1835000 908.3
1840000 901.6
1845000 892.1
1850000 902.4
1855000 895.5
1860000 889.6
1865000 883.8
1870000 917.5
1875000 903.7
1880000 896.2
1885000 896.9
1890000 919.3
1895000 906.1
1900000 911.8
1905000 880.4
1910000 905.8
1915000 895.8
1920000 875.0
1925000 906.3
1930000 919.1
1935000 912.0
1940000 725.9
1945000 900.9
1950000 919.3
1955000 923.0
1960000 926.0
1965000 901.9
1970000 925.5
1975000 917.9
1980000 901.3
1985000 913.5
1990000 890.1
1995000 914.1
2000000 914.9
