5000 22.2
10000 24.4
15000 23.0
20000 25.4
25000 22.6
30000 29.0
35000 17.3
40000 22.0
45000 21.7
50000 28.9
55000 18.5
60000 45.2
65000 86.7
70000 38.8
75000 190.4
80000 167.2
85000 165.4
90000 422.3
95000 477.6
100000 481.4
105000 515.2
110000 504.4
115000 542.5
120000 514.3
125000 592.2
130000 607.8
135000 639.3
140000 610.4
145000 645.4
150000 642.3
155000 602.4
160000 656.7
165000 648.6
170000 654.6
175000 645.9
180000 655.2
185000 672.8
190000 655.4
195000 681.7
200000 658.5
205000 688.5
210000 686.6
215000 683.8
220000 605.8
225000 690.2
230000 700.7
235000 700.9
240000 701.5
245000 683.9
250000 701.1
255000 697.1
260000 712.7
265000 699.5
270000 717.1
275000 716.4
280000 716.3
285000 712.0
290000 728.9
295000 739.5
300000 713.4
305000 731.6
310000 733.6
315000 737.7
320000 726.5
325000 731.4
330000 728.2
335000 735.9
340000 747.9
345000 753.7
350000 745.7
355000 742.8
360000 753.5
365000 740.8
370000 755.7
375000 761.9
380000 752.0
385000 755.6
390000 757.6
395000 760.1
400000 761.3
405000 759.0
410000 771.9
415000 751.1
420000 766.6
425000 765.5
430000 771.6
435000 776.0
440000 769.4
445000 755.4
450000 760.4
455000 776.4
460000 776.5
465000 765.1
470000 759.7
475000 761.1
480000 777.7
485000 765.2
490000 758.3
495000 776.6
500000 774.1
505000 780.1
510000 781.7
515000 784.1
520000 773.3
525000 767.5
530000 781.8
535000 766.9
540000 771.2
545000 768.0
550000 773.4
555000 782.2
560000 779.1
565000 795.1
570000 767.6
575000 783.8
580000 787.0
585000 778.9
590000 792.2
595000 780.4
600000 792.5
605000 771.0
610000 790.9
615000 782.9
620000 792.4
625000 786.9
630000 786.7
635000 793.9
640000 797.4
645000 794.3
650000 797.4
655000 801.3
660000 786.8
665000 784.4
670000 787.6
675000 785.4
680000 800.1
685000 790.2
690000 799.3
695000 796.4
700000 793.8
705000 794.6
710000 795.9
715000 797.9
720000 789.1
725000 801.5
730000 801.9
735000 799.7
740000 785.9
745000 803.6
750000 796.8
755000 800.9
760000 805.4
765000 791.7
770000 811.0
775000 795.0
780000 807.8
785000 805.1
790000 813.6
795000 797.3
800000 801.4
805000 797.1
810000 809.4
815000 808.4
820000 797.8
825000 810.9
830000 810.7
835000 804.1
840000 794.9
845000 801.5
850000 795.9
855000 802.5
860000 800.9
865000 807.8
870000 798.9
875000 810.2
880000 803.9
885000 799.9
890000 802.8
895000 807.5
900000 804.4
905000 799.9
910000 806.1
915000 805.0
920000 794.1
925000 813.0
930000 797.1
935000 803.3
940000 809.7
945000 806.3
950000 797.0
955000 809.6
960000 806.1
965000 806.6
970000 811.2
975000 805.6
980000 816.5
985000 809.3
990000 807.6
995000 807.3
1000000 803.4
1005000 810.2
1010000 814.5
1015000 808.3
1020000 799.6
1025000 813.5
1030000 803.6
1035000 810.0
1040000 798.9
1045000 804.4
1050000 812.0
1055000 806.7
1060000 814.4
1065000 813.4
1070000 814.9
1075000 815.0
1080000 809.7
1085000 818.5
1090000 797.4
1095000 814.0
1100000 805.8
1105000 810.9
1110000 810.2
1115000 812.8
1120000 811.8
1125000 812.1
1130000 811.4
1135000 813.2
1140000 791.8
1145000 817.3
1150000 809.7
1155000 810.0
1160000 807.1
1165000 817.7
1170000 814.2
1175000 811.8
1180000 813.8
1185000 814.8
1190000 804.9
1195000 817.6
1200000 815.6
1205000 814.3
1210000 816.7
1215000 812.5
1220000 811.4
1225000 815.1
1230000 810.9
1235000 814.0
1240000 805.2
1245000 815.8
1250000 812.7
1255000 812.0
1260000 809.3
1265000 820.7
1270000 813.1
1275000 814.0
1280000 819.5
1285000 822.0
1290000 804.5
1295000 821.7
1300000 810.4
1305000 808.8
1310000 810.4
1315000 816.2
1320000 823.2
1325000 819.2
1330000 813.9
1335000 812.7
1340000 820.8
1345000 815.5
1350000 813.1
1355000 819.1
1360000 822.2
1365000 822.8
1370000 824.6
1375000 812.0
1380000 816.1
1385000 820.0
1390000 819.0
1395000 822.5
1400000 806.9
1405000 820.9
1410000 819.9
1415000 819.1
1420000 810.8
1425000 808.0
1430000 815.7
1435000 824.7
1440000 811.6
1445000 822.6
1450000 810.5
1455000 816.4
1460000 821.0
1465000 823.0
1470000 823.0
1475000 817.4
1480000 828.2
1485000 819.2
1490000 823.6
1495000 815.7
1500000 818.4
1505000 815.0
1510000 820.9
1515000 821.7
1520000 812.2
1525000 819.6
1530000 824.5
1535000 814.6
1540000 816.0
1545000 817.2
1550000 817.0
1555000 815.8
1560000 824.0
1565000 825.5
1570000 813.9
1575000 815.8
1580000 810.2
1585000 827.3
1590000 819.5
1595000 822.7
1600000 819.6
1605000 819.6
1610000 825.3
1615000 818.8
1620000 828.6
1625000 819.3
1630000 818.2
1635000 818.2
1640000 815.2
1645000 818.0
1650000 825.7
1655000 820.7
1660000 826.1
1665000 825.2
1670000 819.3
1675000 823.7
1680000 816.2
1685000 820.8
1690000 827.4
1695000 816.3
1700000 822.6
1705000 822.3
1710000 821.0
1715000 828.3
1720000 828.4
1725000 822.6
1730000 826.0
1735000 821.6
1740000 819.6
1745000 818.1
1750000 824.0
1755000 820.3
1760000 826.9
1765000 820.8
1770000 826.5
1775000 828.0
1780000 815.5
1785000 827.7
1790000 828.9
1795000 817.6
1800000 820.5
1805000 827.6
1810000 825.5
1815000 827.4
1820000 822.7
1825000 822.0
1830000 819.6
1835000 818.5
1840000 820.5
1845000 813.9
1850000 819.5
1855000 820.0
1860000 816.0
1865000 820.1
1870000 824.3
1875000 825.2
1880000 829.1
1885000 823.7
1890000 743.5
1895000 834.1
1900000 825.5
1905000 821.5
1910000 826.4
1915000 831.7
1920000 746.9
1925000 830.4
1930000 821.8
1935000 830.9
1940000 827.4
1945000 825.8
1950000 829.0
1955000 819.8
1960000 823.5
1965000 821.0
1970000 830.7
1975000 824.4
1980000 821.5
1985000 825.2
1990000 817.6
1995000 826.5
2000000 829.4
